3	30350	38494	38022	28437	37834	37949
5	27613	12221	11310	12271	18004	27614	10733	24976
6	30138	30155	25584	12245	27299	10733	14346	13496	12385	26396	12465	12185	11295	
7	11338	10733	13020	12844	31118	14332	
8	14332	10348	14949	31743	12245	10733	33880	12534	35535	17817	33351	40161	
9	15836	
10	11733	10820	20103	17937	13677	40164	
11	20777	11340	11338	17859	17865	17872	17881	
12	38825	38462	14350	38836	38487	14231	38710	11577	
13	30516	19563	20717	34084	18571	18131	23214	12520	32993	
14	12160	11339	14088	19563	
18	14698	13338	13672	13618	13040	11965	14411	14916	13411	12571	
20	19563	19308	
21	19308	19422	23428	
22	27534	27540	29823	27333	20399	19733	27420	40110	
23	29723	12218	27479	11566	33343	10733	32148	30235	28125	
24	18749	11566	12218	
25	12271	33947	33949	18924	10733	23983	
26	12944	23806	30139	29175	32148	25758	11790	23805	30127	23497	27588	23402	
28	36736	40991	13479	27787	
29	41131	24649	12810	36027	19880	20083	20105	20173	20411	20608	20614	20636	
32	13466	30350	30180	14350	38647	
33	14040	
36	19872	38709	26870	38199	19563	23296	
39	23431	19205	39602	23028	23353	21745	
40	37180	19672	32198	15349	23350	39247	12963	39305	
41	23337	23363	39207	34792	23424	21615	23259	23810	19450	
42	10391	22596	23960	40714	21745	23930	
43	38787	41240	37983	37790	39153	39148	
45	19304	19308	22280	39976	19422	40058	24924	37858	
47	19147	14822	
48	23618	11816	37357	19487	38211	
49	19839	18950	19828	34649	38715	29190	37361	37168	18812	37791	29101	10649	38727	10894	
51	30515	19563	32520	23118	12546	
53	14794	14789	19874	10747	14040	30448	30539	16187	
54	19143	18677	
56	19100	19114	19024	19023	
58	23412	37357	19916	23948	41099	22351	39128	19546	
59	29366	23353	19547	23370	23319	23466	19104	
60	14350	13466	37524	13151	13156	10949	28336	30180	28200	
61	23400	22346	23412	23128	38108	29197	41099	30463	38203	
63	37286	14570	17637	37317	
64	37357	37449	34709	10755	
65	30237	17470	35556	20768	29723	
66	19143	
67	11182	29384	20751	24183	
72	20203	27658	19818	24309	19917	27419	23186	29984	36463	19820	23655	20054	
73	10333	24881	41117	27881	18777	17095	40471	29615	
76	34426	23427	20130	24697	30737	39465	24094	20157	20132	20100	20154	
77	37359	20029	28234	18199	19999	19582	21257	20168	18909	19877	
78	14040	37447	30539	14789	37449	14794	
80	34504	35547	29777	27716	31160	17883	
81	26180	27413	39818	18860	18967	19024	19072	
83	39170	
85	38731	38709	29777	23152	12053	38741	13094	
86	38709	24918	27565	29777	37170	35991	38159	19563	38731	12053	
87	23372	34877	32624	32253	37244	
89	33338	23801	22390	28217	19906	
96	12311	13952	14835	14924	18860	13618	14911	14628	14836	
98	20544	20490	20489	
100	17781	24953	12699	12473	14835	10568	11647	27612	
101	14835	38721	30907	14628	13140	22538	39794	30539	14836	
104	14794	14040	19147	
106	23216	23296	23618	38709	19916	14030	23152	34484	
107	17350	31384	19831	19916	20703	22435	
108	19916	23794	19831	19546	12842	22234	
110	13476	
112	20490	19563	
114	24093	18895	14611	18811	19068	25146	25532	11544	27846	18843	23744	25450	
117	14101	37566	23412	39125	21557	
118	36024	
120	24093	36944	25080	18895	
121	29400	29645	30030	20397	25042	22688	30193	30451	20784	23920	20017	30882	
123	13131	22863	21949	24249	20219	21873	22293	21584	
124	30218	27473	37164	38090	38501	38492	30208	38494	28435	27958	28429	37852	28437	30823	
125	38022	38092	38376	38213	37879	38111	37841	
126	24723	
127	27341	39120	40480	22653	38219	24772	33887	19964	30387	29607	28668	
128	19743	
129	41333	29777	27716	23416	
130	24183	
132	16718	23801	19563	24643	23414	23233	
133	23414	23354	
134	23400	14101	29794	16610	19952	35551	30741	
136	19753	14247	19736	13412	19475	12119	19674	19755	19647	
138	19878	36674	18992	16180	19238	23907	16229	
139	16190	
140	23473	26087	33764	21730	
144	18632	18630	27534	27540	
145	40110	29717	
147	29656	29910	24639	26915	29829	24733	12125	30582	29645	29873	
149	38241	23216	37792	38896	21753	37552	32324	23152	37361	37753	38793	39051	
150	24881	12025	12040	24891	
153	36774	10279	10687	40558	13153	
154	15325	41099	38119	38130	37885	38192	38053	30012	
155	37549	39626	22955	37862	14761	38202	
157	13009	34484	38742	33022	37357	
158	38742	
159	30911	24953	33444	
160	40395	39027	33444	40407	38228	32640	11886	
161	40207	19093	13474	10875	40223	11778	13515	14001	
162	25295	29036	19850	14271	24214	
163	18226	18225	18243	
164	39976	40057	19308	40161	19422	14425	19304	
167	19382	39793	19379	
168	10568	12473	13738	13844	26244	38709	14030	31523	12437	
170	30456	30515	30457	40206	40207	30416	32907	14823	40785	
171	17986	40770	20633	18642	
172	18276	35553	35772	
174	35772	
177	13474	39125	37357	16584	38199	15056	
178	16584	15056	39125	
180	24980	
181	39901	
184	12848	40063	
185	36046	18218	31103	
187	18276	18277	11773	32608	15202	
188	40062	40179	40178	39790	14425	14949	
190	33856	15202	24996	11443	33357	24011	32416	18276	
192	35956	10958	
194	34841	
198	40193	
199	12072	11687	20002	24953	12379	10888	12134	
200	12156	11438	12006	
206	15933	16385	15358	
208	19308	39976	14079	
209	37822	38456	37760	38518	37829	37833	37872	36145	30243	38132	
210	24064	30350	
211	12076	13472	12855	13123	11665	10715	14350	
213	28344	12076	12855	11410	14358	30106	13687	12704	
214	39078	27606	11331	37679	22948	19333	12473	
215	13188	11336	13190	12154	10316	13183	13256	13185	
216	13151	11333	10286	13386	13966	13271	
217	19563	
219	40267	36111	40852	
220	39397	30803	40320	
221	19093	41099	15437	
224	15358	13847	11083	
225	12021	31743	36101	22407	34753	
226	15078	34510	37440	31949	23363	40473	31968	20365	23424	23797	31399	20293	29797	32255	
228	12900	11786	10966	
229	38894	
230	38260	11777	31431	22256	
232	13207	29777	17837	
233	19093	18960	13791	13513	
234	11484	10948	32339	34484	
235	17837	23928	23339	18952	
236	40072	
237	40072	39064	40063	
238	27776	12732	19074	14232	10575	12842	11777	
239	38709	26870	15793	23296	11485	12894	19381	25110	19872	
240	26244	40193	20703	13738	31231	24886	13406	24926	20708	40191	10521	
241	12345	
242	41156	41142	
243	12732	11737	12513	12586	19188	15625	
244	19935	30516	17985	12783	27665	27534	27540	
245	12732	13805	19188	18960	18286	18583	38727	
246	12722	18960	13964	18774	27848	18846	38708	12732	10280	12378	36786	
247	38894	25437	18095	14465	41156	18605	
249	27607	24881	12041	13020	
251	38709	23155	23170	32965	19872	
252	19180	18140	40193	38708	13591	38831	19534	12386	27755	
253	17654	
254	41156	41117	24881	18107	
255	12160	38894	
256	12691	27534	27540	10756	27714	10348	
257	14432	30635	
258	18045	41156	41142	
259	38709	41141	26924	
260	18045	17982	
262	11214	13024	17900	24881	12272	12359	12991	18180	18029	
263	25295	28382	30178	20123	25319	17898	27205	
264	25319	17932	
265	18606	
268	39790	40062	14425	
269	36046	10338	18216	37038	
270	18152	14383	17979	18045	18147	10321	14285	13193	18107	40065	
271	14304	14435	14066	14704	14166	
272	18606	24881	
273	20680	17937	27000	19311	19480	38825	10903	
274	39825	16125	17937	33764	16079	
275	17936	17937	
277	10654	
278	18606	18779	
279	18429	
280	17982	18016	18223	12494	
281	13252	36044	37038	33806	31615	34466	15094	
282	17261	40303	12160	11731	18029	
283	18606	
284	18520	
286	12096	41102	41167	12494	41142	41156	
289	12096	24881	41142	
290	12949	14838	14344	11743	10930	13002	19237	27000	14676	12649	10623	11652	15426	
291	14554	14558	14421	14523	
292	32610	
294	18118	40235	24212	
295	30406	36472	33546	
296	32693	23458	18073	40175	
297	14421	37067	
298	24881	18606	12096	
300	14438	14421	
301	16196	
302	39125	39116	21784	
304	10744	30737	33877	
305	22283	28668	18025	
306	14421	
308	24881	12044	18095	12034	17982	27609	
309	11133	13565	10800	41150	13435	12732	13406	
310	11891	37884	24206	27223	10287	
312	14798	15500	
314	12072	40374	40827	14164	
315	18029	17900	17940	
317	36941	37067	
318	21575	10623	12833	10924	13476	32449	
319	15347	15976	
320	38952	39596	39397	40679	20034	25485	39292	39820	
321	26924	
322	17940	18619	36646	37036	37067	18102	33764	
323	41199	
324	37918	36693	36545	34346	34411	38386	37912	
326	16196	
328	18102	18029	36646	17940	13598	21637	
329	37818	10924	34363	13476	40255	11153	40173	
330	15040	15425	
331	36145	21599	21864	39843	
332	36158	17992	36889	22442	35033	32537	39335	36162	
333	12182	18016	38736	39088	
335	15425	16370	
336	17001	33609	
337	12025	24881	24761	41142	41106	41102	
338	38828	35103	38832	12378	38825	
339	12001	35103	
340	18103	
341	17900	18029	17932	18103	
342	22243	14421	
346	40624	36205	41268	35953	38385	39419	35950	
347	41156	41117	23170	
349	24881	13193	
350	17829	36937	17750	
351	40852	35980	
352	24251	37884	30005	30208	
353	17829	18139	13193	17940	18758	
354	40958	23310	19546	
355	14502	22016	11799	13123	12317	14506	28155	
356	24881	
358	18201	25117	17986	41166	41117	41142	
359	36419	
361	19093	12379	19576	30049	15033	10649	
362	17403	33927	12810	14628	37276	38594	17202	32705	
364	34180	15919	34266	34073	19462	
366	24977	41103	17957	
367	39291	23616	38199	41166	12895	18690	10966	10963	12379	11782	13474	11786	41142	
368	13879	12900	18690	10966	23616	39290	13842	38788	19546	39291	38199	
369	21615	37357	23445	23948	37716	
370	22408	23318	23445	23363	23354	
371	39093	
372	37067	15345	
373	37067	19812	39419	
374	13352	17163	
375	15339	40503	24977	35950	
376	13476	
377	18621	19002	20666	14134	
378	37356	38895	37886	
379	30539	38199	16196	38845	37451	30605	37492	
380	19308	19304	13207	19093	
381	24979	24981	24977	24983	40072	
382	18771	
383	37449	38788	13519	39291	37531	
385	39900	24697	14325	33324	22346	19825	19093	
387	23132	
388	41142	41166	12494	41102	12096	17986	
389	27375	20002	19093	35591	13519	12494	
392	32962	17578	39506	21566	30761	33932	
393	30463	12487	21393	21465	24660	21558	21590	22524	
394	10630	
395	34946	16426	16584	35031	35048	32221	34933	
397	33972	20366	38547	27232	40207	14836	21780	37721	
398	16717	13413	32995	36813	21766	17774	
400	29658	
402	18997	
404	36027	26870	20172	23231	
406	10779	
409	14782	
419	17456	
420	19563	26568	19333	23152	40765	12160	
421	27534	27540	19563	20395	14260	14831	27714	
422	23992	19130	
424	30716	14036	33126	14530	11665	
426	39138	
427	39125	39138	30540	32638	
429	18890	28462	18882	
431	14040	37451	16187	28952	39118	29830	40407	41099	
433	26753	18199	
434	18675	15003	11889	11885	34332	
436	11614	
437	17739	35584	23326	16629	23259	21615	30462	33782	
439	22317	23132	23790	23400	
442	38895	23170	27102	20390	23155	11410	
443	36834	30527	37173	20291	
446	17354	23243	36763	36767	20988	32415	21119	38996	21164	40683	23293	
447	21745	39602	39039	39471	23431	13784	
448	24726	18582	39152	23129	23132	23412	20168	19745	18909	24058	
452	37449	
454	37524	38234	23400	38968	19513	29645	38385	38841	38132	
456	14794	17634	40210	14502	39594	24780	23269	40219	
457	20168	20082	29812	19883	38219	37706	25037	25651	19905	20222	19904	25269	19862	14492	
459	19760	19875	27287	25034	19792	22940	25276	20179	21730	27288	
460	20125	20157	30737	23427	15682	33875	20130	24407	33341	20922	20100	19920	
461	17314	20139	34426	20132	20127	24094	19921	20100	23427	19964	33873	19940	
462	33352	13419	20197	22248	24161	13401	23368	
463	20204	22537	21684	20201	19920	37093	21873	22863	20681	20203	20199	20066	20130	36850	
464	24772	22216	30793	22774	19906	22293	
465	28412	28417	28426	18028	11771	19344	29710	12208	15259	
466	11333	24123	11702	24130	24198	24150	22962	19731	10310	26231	24132	24091	24143	
467	32694	23377	37566	23412	27247	23132	
469	23400	23132	28379	30761	28668	
470	38442	37428	34689	34061	14662	36794	32837	33783	32457	34298	33456	
471	31366	35318	32253	24016	34555	20667	35333	18145	36103	
472	34555	35318	35031	36103	32586	32279	18145	32697	
473	33783	33755	37138	10382	40255	
474	39055	23256	19793	30734	29051	24261	27223	19806	33911	14231	23426	19604	
475	12278	33934	10877	13372	18015	11790	40110	28215	
476	19906	19969	24342	22886	22774	37091	22216	21873	25042	20059	20031	24772	
477	23349	31600	37867	23328	32416	23146	38888	
478	23428	19916	23400	29742	10479	22948	37908	19513	
479	33106	
480	37963	37973	17817	
481	34071	34468	31302	34141	31418	37931	34512	32786	31234	
482	38895	24763	38228	39125	
484	37357	23299	11781	31351	23125	37445	
485	15533	
487	39305	37170	38788	37572	34453	37743	38884	38978	
488	30610	10651	37170	10521	12269	
489	13879	19093	38199	38788	40112	10487	18516	39691	19739	
490	10743	25592	30540	23920	30895	
494	19563	23412	38779	38916	38924	38948	38970	39041	39160	39208	39214	39529	
496	14243	19461	19642	19628	19600	19620	14244	18900	10273	19689	19300	19170	19675	
497	11567	13391	12227	
498	25086	34332	
501	34095	24111	24171	30538	34844	23233	33973	34096	37403	23154	28052	
502	15007	12227	14986	40750	10742	33324	11571	14985	20145	15006	10482	
503	14986	14988	
505	40207	34484	40765	33108	32339	18854	33309	34290	32741	37173	
507	33920	32939	11189	24808	39367	
508	19503	19393	17306	19753	28109	19574	12129	19675	
509	22986	33927	11490	24808	30737	
513	18226	18225	36965	
521	15858	
522	12032	26923	29164	
523	31996	32244	11735	32586	31908	
524	10295	14122	14244	14492	19141	20014	20689	19664	24708	12929	19628	
525	39685	38385	39397	40574	38950	38227	39419	25570	38765	37337	
526	31415	40977	36108	39314	35919	
527	37524	11065	36393	14502	38939	29645	10923	37494	37234	37733	30805	
528	40403	21599	24342	14502	36466	39843	
529	21781	33911	33782	17213	39037	
530	21781	33708	38922	
531	11084	32653	37155	12144	
533	22370	37417	22386	22951	30803	38765	39843	21599	38724	21458	
534	14761	39657	40387	38539	28346	38926	12664	38968	
535	13131	12500	
537	37826	40164	20404	24643	11704	19874	
538	37417	14628	38051	41097	38950	38724	39525	27390	
539	36830	37184	40623	38251	19236	36662	37417	40817	30174	35906	38051	
540	36831	36818	29102	36943	37875	26421	37081	38055	38415	37832	35970	37637	
541	36832	36704	
542	36833	
543	36834	40913	18642	21740	27442	39252	27884	37467	38782	23242	40861	
544	36835	17829	39290	32904	13879	10556	13244	
545	36836	
546	36837	31426	31409	33304	36835	31873	31319	33155	36821	39297	32901	40739	14831	
547	36838	38800	38774	39019	40464	40492	33489	21767	21508	
548	36839	38800	40933	36949	39204	38801	38796	37272	37896	22254	32482	39247	39206	
549	36840	
550	36841	36749	36742	36662	36753	19689	19690	19170	36721	33440	36754	19236	36804	
551	36842	33761	37816	17086	30416	
552	36843	38426	36849	38451	28461	38389	37641	37870	39474	38165	37694	38133	38462	
553	36844	22340	23616	39585	18848	12305	37757	13827	38211	
554	36845	36795	38211	22628	10687	25117	13806	23296	
555	36846	25376	36734	36680	36858	37854	29587	24883	27303	37701	27225	12074	
556	36847	23354	40766	40757	32019	34668	30516	30737	23505	23939	31415	16359	36622	
557	36848	
558	36849	37870	36771	38426	37913	37015	36843	38409	39474	38086	37825	38372	
559	36850	33862	33343	33372	33344	31358	33348	33368	27816	26204	12390	
560	36851	37001	35051	32675	39088	31908	39000	35059	25695	34555	40902	35318	
561	37417	36852	39596	39149	37492	38724	38875	33440	40639	32890	39292	
562	36853	38538	
563	36854	38199	13853	29511	39394	13877	26106	39162	19563	30516	18642	36857	26745	14827	
564	36855	15841	16520	35559	15889	18642	35475	38587	31903	16144	16012	32761	35591	
565	36856	39688	36750	40684	19091	18961	36857	18963	36749	33295	19152	
566	36857	19076	19091	19878	36856	14522	19689	30734	38287	19745	
567	36858	36846	39097	34600	27225	29513	12074	25376	36734	26952	27303	29587	28298	
568	36859	36705	40351	20735	23926	20278	36701	23939	20726	31351	
569	36860	37038	12575	37898	36044	36146	40077	36829	25001	37011	41225	
570	36861	17939	10353	36043	32661	36683	39556	33418	15378	17940	
571	36862	39468	35902	40859	36639	
572	36863	12660	39582	39912	38765	22386	22940	10469	37235	37707	40448	36126	
573	36864	33709	36967	29058	36771	33119	33147	36120	33681	33682	33724	33092	
574	36865	32267	38437	38831	37080	40215	27256	19817	34379	33107	41050	39059	
575	36866	
576	36867	40861	34459	33761	31111	33062	33058	31095	39204	36911	
577	36868	36829	39247	37290	36870	33596	36876	33764	39630	39016	39327	23349	
578	36869	37040	39016	39247	36534	23568	41053	22256	23309	22463	40077	38656	
579	36870	38915	39327	39334	38775	36868	23622	39305	39206	39563	39390	23926	33262	
580	36871	23499	23731	12888	23568	19003	19583	37643	27445	30176	28380	23577	23782	
581	36872	36871	22251	29535	36678	37467	15325	39203	29990	39691	38711	38728	
582	36873	36701	37039	15427	15425	10620	14953	
583	36874	26619	34450	26407	34546	18971	30176	35284	28380	37052	20247	
584	36875	29990	37898	36876	40672	39030	30578	27246	
585	36876	36284	37180	37898	29990	38778	38260	37463	40621	38769	23349	37452	38156	
586	36877	37631	32311	24035	19076	37776	40427	37157	36680	37015	
588	14134	
590	29645	
591	37524	39396	12963	21599	
592	36873	36701	39637	21730	
593	37565	37706	40679	37707	39414	39397	38887	38914	
594	37067	32449	19002	36873	33764	
595	18992	14134	18620	
596	18780	32687	10352	41347	12546	34060	18516	33234	
597	29366	36921	38887	30016	36111	40837	
598	36145	19812	39633	21421	40594	29535	37157	40851	29645	32705	34363	
599	40602	40282	22431	37691	18104	21569	
600	12963	35953	29521	40679	34566	
601	41354	
602	39507	16782	23244	34555	35897	31600	
603	32759	17202	11083	20348	33041	
604	38765	36082	22481	29526	21164	22504	21463	21460	
605	32940	35896	32302	37035	
606	14131	22268	23617	23614	14266	20249	20395	20394	
607	20619	19872	19880	20083	20105	20173	20411	20608	20614	20636	20647	20923	21011	
608	34895	10558	32392	33751	35685	19987	34018	38713	23212	39556	32480	
609	20151	33751	37524	
610	38385	36058	12963	40364	19961	
611	11153	36646	13598	39551	10613	19976	40716	25601	40638	37290	36455	17940	
612	28200	11284	33150	23683	16783	
614	41048	15830	15797	27230	22394	
616	20489	20490	24183	23849	
617	23371	
