619	30737	14628	40773	13386	11386	10490	31358	11410	11568	12855	
620	14628	12855	23400	14789	25059	14350	24639	38914	
621	38922	38227	14789	33708	41294	38939	40215	38823	
622	21557	23184	18582	39587	18548	
623	29777	14761	25218	39626	24690	
624	23377	32694	23782	30463	23028	22955	
625	23049	39609	22308	
626	29366	24680	39853	
627	35950	38385	
628	24016	23446	37818	11153	40292	31366	40290	40838	40544	40279	39430	
629	24668	41240	
630	33393	
631	23974	38566	
632	16325	34070	31698	36640	17032	33512	15181	26105	17595	
633	21533	23363	23455	36353	21541	39601	23325	21471	23797	34147	23321	
634	13845	35276	14311	13861	38537	34124	
635	18016	41154	23451	11162	18196	23930	22602	
636	39078	32450	33499	16991	
637	23431	23221	20190	25232	
638	32634	15270	33871	15448	32316	38889	15940	13861	40706	16381	
639	23451	38233	41320	41154	23871	41204	
641	22332	23395	22783	24084	23970	26612	25974	38543	
642	12577	26666	16952	25805	26246	35475	31953	
643	35991	
644	37357	40247	38211	22340	22628	
646	21753	37862	23618	24701	23828	31898	21766	23436	
647	26644	
648	18548	19002	18780	33764	32694	23538	19155	
649	18548	19002	33764	23128	29366	
650	18961	19091	19689	18963	40684	37441	19152	19170	40899	
651	18961	40684	36750	36856	19152	34368	19091	37441	18963	23907	33718	
652	32881	37105	23568	
653	26733	34004	16872	32881	36334	34105	32411	35737	18355	23798	36829	26423	29089	
654	15233	15124	16226	35678	16818	35416	15088	
655	34911	16592	16326	34017	15128	
656	21105	35424	17254	15124	15232	39841	15305	17146	
657	15337	17558	15983	
658	17202	22046	39841	17107	
659	15061	15178	38956	16900	23588	
662	17479	10858	26417	36798	36692	
663	14542	
664	18254	32157	18226	40110	10958	36083	18292	
665	17202	
666	10333	24881	
667	35629	27490	12218	29666	40110	27793	28426	
668	18253	33856	18226	18297	18255	18225	
670	25472	
671	15174	18266	18310	18325	18253	
673	35112	35148	15481	34654	15506	31856	34416	35020	15476	
676	15672	29533	15261	
678	10630	31238	37371	40720	17001	10647	
679	12294	19839	
680	19675	19738	19687	19684	19745	19714	18961	
681	29366	39946	23577	23220	23782	22955	23033	18620	
682	19714	19675	36856	
683	19577	19632	19658	19675	19451	19640	19745	19311	19671	
684	24041	24038	19746	19600	
685	19677	19605	
686	24038	19554	19311	
687	19831	13793	11117	
688	29189	24884	38721	39794	36260	14129	11117	19872	12038	
689	19804	20689	19805	20676	19970	19837	19926	19958	19945	19591	39445	39412	
690	37178	23614	38923	37743	38884	
691	30402	37176	38059	37235	37930	28373	24513	19696	29694	37789	37641	
692	38004	35950	40624	36205	36288	27259	26106	17213	
693	19554	19746	
694	14083	15314	16029	23618	
695	19677	19658	17985	
696	22262	19872	20705	14131	20395	14266	26988	20686	11704	24643	
697	23614	19670	23837	23339	23617	32086	19237	
698	18171	13148	38727	19831	32106	
699	33942	39366	33933	20351	40827	32620	17163	
700	36153	37036	23617	34378	
701	19684	19675	19667	12198	19736	19576	
702	37036	18619	18621	19002	18780	18548	
703	36427	41296	37316	37157	37891	39633	23617	19812	13352	
704	19738	
706	17813	18200	17985	38874	18203	10585	
707	19675	19684	19632	19503	19687	19576	38968	13412	19131	
708	21615	23221	23431	23318	
709	19505	23228	38968	40712	12975	32537	18680	34849	
710	22596	37651	15372	21542	18516	12287	18971	
711	16113	38772	
713	38968	10976	21725	16029	12722	19675	11792	18516	
714	14628	
715	19002	18520	10689	19670	18580	33764	29089	19343	
716	27430	
719	17750	
720	33665	32634	34557	33043	34288	34468	32748	
721	15941	15270	34557	16325	
722	16258	23345	37298	
723	32294	14088	32316	32553	15221	31702	16520	32602	35549	41001	37298	
724	31869	41002	12053	30416	32420	32520	34511	12194	32944	40766	34098	16325	37059	
725	13426	13424	13802	38573	
727	22677	22280	36881	40202	
728	33784	33309	32190	34502	32181	32176	32339	34484	34290	32741	41106	
729	38717	
730	38537	13845	37498	15941	11205	13861	28379	11901	41019	
731	31534	
732	40887	33503	33168	32316	33526	32634	32215	34511	32453	32497	34508	
733	33744	32724	
734	33737	33567	32634	34557	33190	32238	32756	13859	33503	33035	32316	13861	32379	37586	
735	32553	38627	36911	31431	39305	18936	34453	32551	39016	
736	36347	37047	23878	18191	34103	
737	40326	32511	34457	34693	24763	37544	34668	34453	34731	32196	32470	34717	23878	38193	
738	37577	31111	35249	23504	32560	31095	38305	39204	38156	34233	32308	
739	32190	33567	33036	32980	13658	32979	33737	15933	32516	34492	32379	
741	23994	33973	
742	37470	
749	30518	41357	23337	26988	23801	20190	
750	39536	23416	30119	
752	19754	
758	41099	26861	19563	26406	38895	19546	15214	24643	
759	14628	38241	38923	11469	
760	28336	33366	23930	
761	33669	
762	23815	41154	23821	23816	32687	38305	37577	18196	23822	18445	
763	13115	28223	17322	22946	
764	24763	39153	13622	39247	38895	
766	17040	
767	30448	27365	26915	29609	14792	25569	29406	29859	
769	20544	
771	20544	20909	14659	
775	32790	34368	36753	39637	
776	40249	
777	36609	36635	28329	28332	28321	36588	
778	37417	38875	28329	36609	
779	36873	15427	37039	36701	15425	14953	
780	36874	26619	34450	26407	18971	34546	30176	35284	28380	37052	20278	
781	39688	19689	39397	19603	36085	40681	19745	19091	36680	
782	41353	29522	37566	37337	38199	24714	27234	
783	19847	19759	24342	29709	33359	39672	
784	17578	37711	32610	37090	39520	40373	37370	
785	14134	14438	
786	37524	38386	32302	37234	38385	37035	35903	
787	40229	40228	
788	39558	12022	39396	23809	33150	37524	38227	
789	36875	40672	37898	29990	36876	
790	36876	37180	37898	29990	37452	36284	37550	38778	39250	40621	38769	41336	37641	
791	36877	37631	32311	24035	19076	37776	37157	40427	38778	36680	
792	36878	10751	25068	36914	
793	36879	26402	29084	37417	29502	39093	40679	39596	39591	
794	36880	33161	33788	
795	36881	37417	39154	37884	25502	26591	38051	24841	29507	39419	38920	32653	32324	
796	36882	23396	23152	37753	18862	15949	36837	
797	36883	
798	36884	38976	
799	36885	26666	26866	32336	33014	33668	26069	20381	26821	26820	37618	27097	
800	36886	36896	17087	33762	23899	36894	
801	36887	32501	19987	34176	34648	12577	32478	34151	23448	38347	36900	32480	32186	34090	
802	36888	36062	39157	20749	36722	37544	37669	40593	
803	36889	32515	34515	35383	35716	34814	32537	23614	36813	20709	32379	
804	36890	18878	18931	18652	18731	15136	18848	18992	19681	18842	18656	
805	36891	36545	37918	36899	32250	32399	40574	35953	
806	36892	33440	39601	21555	14236	21533	37862	
807	36893	36969	32218	36496	36396	39684	37057	33075	33661	
808	36894	36784	33497	11105	11861	12972	11167	29058	32694	33490	36522	
809	36895	34192	32614	34176	34648	37791	36893	37323	36813	
810	36896	36886	37161	11167	17087	31671	32877	40379	31596	36894	24906	17940	
811	36897	
812	36898	40998	30737	33674	20145	36736	40716	31981	39380	14662	35470	36303	33875	
813	36899	36545	37918	37035	40574	32250	36451	36891	
814	36900	18774	32478	12577	32501	32565	24892	19987	21678	35156	38727	26025	
815	36901	
816	36902	23092	33659	32880	37681	15378	
817	36903	41192	37757	41209	41181	33549	41062	33486	37546	41060	41076	36943	37941	
818	36904	32250	37170	18620	39162	40848	19670	40687	
819	36905	33393	36910	
820	36906	18009	25532	27848	25450	36971	10926	30952	40937	38530	18354	19733	26577	
821	36907	38771	37046	37050	18971	38778	37463	23858	36823	39247	37898	32565	25420	23879	
822	36908	
823	36909	13218	40511	36319	25103	35170	36317	22041	39835	16435	
824	36910	37922	39254	37764	32420	39305	35270	38463	18971	39255	20233	26069	
825	36911	39250	22256	39016	37694	12187	13622	39204	18285	30753	
826	36912	36644	36913	34578	39823	41223	34346	
827	36913	41223	41049	41124	38557	36097	32250	34346	36644	41121	40843	
828	37937	17215	17213	37939	37443	
829	40581	12832	12311	40574	40279	39794	23907	
830	34849	23467	32756	33190	23948	
832	12832	13151	13131	
833	15852	
834	15884	16309	15885	
835	10333	18107	36101	24881	13020	
836	10647	10333	12544	16861	
838	25359	15185	15983	27446	25461	
839	13352	
840	16833	
841	39251	34375	39014	21552	21550	40932	39016	10367	22481	
842	17245	17576	15172	
843	13352	37561	18174	
844	20717	33770	23424	36516	36716	32244	32586	33866	40173	
845	40166	40175	32310	18062	40170	36858	
846	36082	18049	
847	12081	15518	17668	34395	17716	
848	18279	17817	20348	
849	11083	32671	16683	
850	12002	13151	14415	
851	40403	22393	25804	12022	21599	
852	21432	23683	27223	21440	33150	22393	21450	27449	
853	22393	21432	21440	36189	30030	21450	21433	20613	
854	39086	17416	32675	23598	
855	34885	32873	15542	34677	15065	15543	36773	35975	40506	35368	35011	35036	
856	16980	34620	31898	35160	34949	35308	
857	32676	35234	39376	36103	
858	36540	36426	40895	37314	23618	36728	11608	21510	
859	34564	15094	36540	35438	13594	36711	23818	36426	31550	
860	37415	39823	21262	23929	37246	
861	35472	38325	34967	35145	35149	40821	34292	34291	
862	21678	23090	23091	25461	23077	39513	32697	37664	35156	20308	23081	
863	40358	40371	40362	39251	39010	21567	38997	35931	23732	18104	
864	21500	28210	39635	33700	39520	39271	29061	10630	16682	15644	
865	13352	33661	17577	16005	
866	39605	
867	40639	40611	38724	10468	37417	12317	28298	36590	36444	25485	41348	
868	34104	23581	40210	30467	36347	29513	27225	39816	20680	29045	33824	
869	12593	25462	10437	12528	32758	36103	34826	35424	35246	
870	32693	32310	34656	16337	34375	33546	32569	40506	
871	39292	36958	30517	39656	40411	
872	31702	15349	
873	29520	27232	38547	36969	32761	32553	34920	32396	
876	34557	32227	32653	32634	34160	34448	34120	33182	33075	
877	36956	23181	36683	
878	36957	23530	25484	23531	23181	36846	36744	
879	33913	33867	33705	32538	33682	34437	34556	32382	29045	33824	26867	
880	36801	29050	22699	18619	18621	32449	
881	15832	17102	17376	
882	19091	19689	19690	39688	34368	
883	14101	15276	15933	16237	
884	14145	11971	
885	14151	13730	13472	
886	14350	10923	11971	14502	30153	20263	13124	13071	28400	11799	13151	30045	
887	19441	11077	19440	32684	11838	23484	38777	37620	36870	38817	
888	36859	23412	23353	34378	23271	
889	37039	37041	36873	12963	40708	
890	36874	
891	21557	39946	23577	37057	
892	23028	39853	
893	21771	40859	38977	40560	39598	24688	37702	41347	
894	33752	37035	36474	36499	34390	34363	
895	23350	38819	11155	40287	36475	34450	35677	23614	40010	40254	32190	
896	30470	18435	15349	38034	36972	18431	39638	23242	
897	35896	
898	14101	15933	21748	13303	40339	23031	
899	37067	36873	21587	
900	18548	23115	18620	19238	20735	23412	
901	36705	23157	
902	36705	33694	39371	41031	37045	39333	
903	33708	38385	38922	30467	39414	12074	26110	26406	39685	27390	37707	37566	24968	
904	17806	32316	32581	40538	15920	33607	
905	16580	16319	30051	
906	25359	13347	23466	16545	16619	
908	36635	36609	28321	
909	19185	36431	19172	19170	18963	40623	19152	
910	21174	19872	20250	
911	32634	33665	34160	37068	23939	33476	17001	
912	32634	33043	34287	34160	41019	17001	
914	36609	36635	28329	28321	
915	35901	35870	36122	28329	30122	36609	28296	30110	29969	36635	28281	36572	28317	
916	35902	40836	40576	23827	24121	36457	40837	36379	26106	37251	41269	23802	40291	
917	35903	40837	19745	37035	36144	40742	39397	39688	35905	
918	35904	40838	18145	40461	24016	39430	35947	21745	11153	41286	40533	39061	
919	35905	35903	19091	37184	37889	19689	40817	39688	37892	
920	35906	37184	36144	19091	39397	33487	37432	38446	39688	40855	40817	
921	35907	41020	36737	33858	
922	35908	40483	34049	
923	35909	35969	12815	30146	17456	
924	35910	23854	39366	39188	41356	39017	37046	31266	32563	
925	35911	35917	35969	35950	32671	37251	36146	37151	
926	35912	36384	36098	41356	37890	37781	41347	41077	41125	36331	
927	35913	36591	28299	33638	33802	36151	39043	37692	39062	27099	41244	36425	
928	35914	36457	35902	38422	33218	38781	13078	33794	34032	36639	23457	
929	35915	36457	
930	35916	39361	32856	
931	35917	35911	35969	35912	39296	25488	32671	34549	
932	35918	39432	40173	36792	41276	
933	35919	35921	40896	36016	36328	39660	37370	35910	
934	35920	36472	34405	29384	30406	17470	41338	38811	34049	36138	
935	35921	35919	35910	39660	40896	36328	24044	31495	36889	40798	
936	35922	
937	35923	38236	41265	37832	37930	38051	41195	40377	38237	29910	37875	30055	41297	
938	35924	34597	37841	
939	35925	
940	35926	32828	41010	40956	39552	19211	39888	39853	11155	40594	37631	37378	39637	
941	35927	36951	33770	37902	10551	
942	35928	23687	23350	10855	23750	20936	18982	20559	31610	36288	40675	39908	29101	
943	35929	11117	29365	27407	18674	26087	11120	21646	26420	19477	
944	35930	37767	37510	29820	37351	30014	30115	29682	40372	28346	37453	27961	30329	29829	
945	35931	37713	35879	17792	18546	17627	
946	35932	22351	22257	12995	40552	13717	32652	32663	22252	32445	
947	35933	34924	32518	26067	35217	34328	13622	35314	31304	34662	31600	37551	34910	40306	
948	35934	
949	35935	32592	33449	26069	36516	23575	12807	29797	32244	34404	32218	35270	33217	
950	35936	10979	38819	11795	34404	40597	39585	37463	39398	
951	35937	41062	37757	36301	41209	41060	37287	37890	41096	40652	38377	41181	41122	41205	
952	35938	37918	38542	38557	33481	38565	37327	33521	36474	
953	35939	40746	36241	20054	27448	23655	38386	35952	34326	35953	
954	35940	41230	41276	33222	36384	
955	35941	
956	35942	
957	35943	35762	
958	35944	
959	35945	20907	
960	35946	
961	35947	21746	35904	40838	21776	40533	23672	26264	33596	29927	41236	23655	40534	
962	35948	23883	39523	39479	36143	38529	34666	36134	39395	18117	18114	41119	
963	35949	20046	20088	20047	21658	21623	23565	
964	35950	40624	39419	36205	38004	39582	40521	38385	36384	39685	41268	
965	35951	40558	36693	40575	37234	40742	38386	
966	35952	35953	40579	37253	38557	35896	38462	
967	35953	33752	40835	34346	
968	35954	31567	20462	31497	20956	22195	20473	20456	21983	20463	22024	20594	
969	35955	33542	33042	36194	32238	
970	35956	11787	19397	10972	39046	27857	
971	35957	37930	35961	40559	41006	37494	41265	41126	40393	38088	30067	14447	41237	
972	35958	35956	
973	35959	24981	
974	35960	40326	35959	36016	18288	21772	40862	18285	21745	
975	35961	37313	35957	38236	37961	38227	23648	12907	11795	26421	37929	38415	
976	35962	11530	38898	12418	
977	35963	38915	38002	41211	23499	39334	37674	37802	35995	37677	
978	35964	39856	35959	
979	35965	35976	40511	16741	
980	35966	32519	36206	30375	20969	23805	
981	35967	40672	29990	39030	39691	37870	38728	
982	35968	25080	38535	36640	33956	23883	34714	18111	18305	38530	39484	
983	35969	35911	35917	35909	35462	34541	17460	11043	33182	
984	35970	41186	36057	41313	41096	41060	41062	41081	36943	41209	
985	35971	39531	32685	39681	39548	21117	36646	17940	39885	21045	22257	32877	40962	20035	
986	35972	
987	35973	36205	38922	37076	40624	41309	14835	24714	38831	38051	
988	35974	32624	36044	13252	37711	17615	31798	37260	10418	
989	35975	40506	15065	35368	15543	35131	15094	34677	15542	15495	
990	35976	36319	35965	22041	36980	36909	11892	35505	11196	12995	
991	35977	34921	34926	35217	32697	34968	35333	35121	27232	31943	34901	34987	35050	
992	35978	36828	41354	38765	36082	39110	24206	21074	21164	
993	35979	22612	22283	22943	11406	22946	12687	36061	23921	
994	35980	40852	39061	40898	40295	10924	40838	26666	12809	32843	25596	28283	
995	35981	17939	34299	34300	36141	
996	35982	35983	38423	36139	36021	40954	38465	41228	32680	41236	40465	37327	
997	35983	38465	40465	37279	39556	40954	21775	33807	40614	36105	
998	35984	36044	11856	41012	18198	20103	11100	40528	
999	35985	29628	30543	26721	29972	36171	
1000	35986	
1001	35987	41209	17933	17916	25685	35970	41190	41122	14002	27714	
1002	35988	
1003	35989	39223	39299	39337	39373	39420	39627	39065	39177	37461	37170	37743	38884	38978	
1004	35990	21428	38709	24890	
1005	35991	37170	38720	31424	23738	31111	12732	11368	32321	19831	18774	12866	38758	
1006	35992	19829	13763	16472	38053	14953	41336	12462	11756	14129	16527	12219	
1007	35993	11634	15038	11445	10762	12459	12897	13121	10703	
1008	35994	10667	15039	35247	13733	
1009	35995	38915	31446	37269	36616	39334	39609	38846	39103	41191	35963	38977	27785	
1010	35996	19500	23400	41249	37316	22955	24680	39587	41282	29197	
1011	35997	21815	
1012	35998	28183	28177	28172	28179	29654	35870	29860	29942	28170	28124	27458	28184	28240	
1013	35999	26699	26472	29139	
1014	36000	36609	28329	36547	28317	36632	36635	28256	28332	28296	40687	28265	
1015	36001	36002	36055	
1016	36002	27900	36001	27645	24795	28177	36005	
1017	36003	37284	37981	40363	41206	29819	38836	38236	24726	26048	27961	40377	29694	41297	
1018	36004	25691	38797	39650	37325	23841	37452	31259	38769	23924	36955	24690	
1019	36005	36201	36002	
1020	36006	36053	28770	21891	36005	
1021	36007	36027	28018	24588	20619	23170	19880	20083	20105	20173	20411	20608	
1022	36008	23869	34587	31940	33702	39455	31877	38739	38358	32988	32994	33962	
1023	36009	
1024	36010	18674	25957	26449	29378	26097	29505	26135	41270	14509	29094	27218	26063	29513	
1025	36011	10280	12037	36612	
1026	36012	17548	34025	35265	36019	
1027	36013	23883	40268	23244	36026	24025	26093	40258	12818	12082	27445	
1028	36014	40850	40379	36112	25085	37235	40381	40426	28330	37885	36633	37933	40376	
1029	36015	36379	41242	19966	36242	37565	36243	40466	36378	37706	36114	38096	20044	
1030	36016	38808	39567	35919	36020	41288	39327	24044	36536	36022	12372	
1031	36017	21335	22043	22047	41354	22161	38332	21300	38762	36292	23674	
1032	36018	36106	40628	36019	19976	20018	19017	19077	23877	21612	38307	
1033	36019	36043	22331	23432	36018	39302	25491	36455	20087	21703	22387	
1034	36020	36016	39903	36021	36472	36022	40858	39555	38811	40576	
1035	36021	25966	36139	36022	33224	32680	24015	37271	38423	25967	
1036	36022	36021	37271	36016	23030	40677	36274	39326	40351	19976	
1037	36023	
1038	36024	14822	38092	38041	36548	38162	38129	25054	38124	30914	14835	
1039	36025	19068	40315	19043	19045	19044	19042	19069	19838	27840	31105	
1040	36026	40497	36013	39417	36173	37463	41242	28331	36634	36815	30464	34445	
1041	36027	23155	23170	19880	20083	20105	20173	20411	20608	20614	20636	20647	20923	
1042	36028	
1043	36029	36378	41242	36515	36114	35200	36030	36015	36115	37198	40576	
1044	36030	40914	40576	36288	26048	24726	41126	41265	37930	36474	24513	40255	19696	
1045	36031	36796	
1046	36032	15260	31953	14766	36797	33490	35160	
1047	36033	23170	36027	23155	23150	34693	38539	19926	
1048	36034	
1049	36035	40652	41313	41062	36098	41060	38347	33420	33432	32171	37890	41192	
1050	36036	23683	26677	34363	30403	22477	37635	21421	40742	36207	30803	36288	
1051	36037	36136	40285	33073	16910	32680	39483	36043	38808	36953	
1052	36038	14549	14035	40866	23318	23969	
1053	36039	39688	34371	22678	19185	19004	40684	36085	19689	19603	12039	
1054	36040	12074	21660	37337	41107	38437	37875	37871	26980	21130	21468	36089	
1055	36041	21527	
1056	36042	
1057	36043	36861	37290	40358	36019	40896	23473	12004	33073	40708	37370	39843	
1058	36044	35984	37038	37711	36129	37161	
1059	36045	10337	
1060	36046	10338	31323	37497	14949	37038	13728	31365	12085	32027	
1061	36047	23339	37051	23348	19670	23928	36360	23932	32199	23926	37898	39305	13885	
1062	36048	36092	32969	33581	32233	32271	33551	18982	32068	
1063	36049	40531	
1064	36050	12082	12462	16029	16324	12038	35460	35283	29188	10551	37964	25420	
1065	36051	37704	27030	40348	34309	26421	27271	29557	26439	38007	29119	36189	29102	38005	
1066	36052	34368	19603	34585	33349	36857	36662	19668	32790	19170	20244	
1067	36053	36006	41238	40497	40744	
1068	36054	
1069	36055	36001	
1070	36056	27898	27900	27912	28090	26470	29132	15322	25720	28091	37967	28089	29138	37689	
1071	36057	33156	35970	41202	41062	41186	41096	41030	22414	33417	41181	
1072	36058	24659	36207	27447	38232	38236	35950	
1073	36059	
1074	36060	
1075	36061	33772	33982	37672	35424	32580	34454	34565	34543	12020	
1076	36062	23995	39157	36888	40593	37544	37669	38224	20334	36081	36722	
1077	36063	37781	40715	40976	36384	38485	38415	37316	37287	38002	37463	
1078	36064	20308	18269	11154	21768	23462	35261	34343	23473	32414	40282	23496	
1079	36065	36112	28406	40481	40372	19680	40451	33415	19686	40380	30132	19679	40493	
1080	36066	
1081	36067	34838	14954	36173	
1082	36068	41047	40428	21725	12888	22256	13865	13784	
1083	36069	38790	21775	38785	33229	36061	33224	40714	32689	39484	33528	
1084	36070	36463	36473	36089	
1085	36071	36574	28283	26666	37749	38202	39060	38790	36789	28348	24016	
1086	36072	31366	36652	
1087	36073	33308	34036	38135	40491	40594	34833	31362	35503	34832	35926	32828	22605	
1088	36074	
1089	36075	36076	30155	
1090	36076	15441	36637	21740	28210	37524	39149	37253	39252	39194	23459	38952	
1091	36077	38437	40558	38646	38399	37363	34346	37080	40914	26106	37982	28346	
1092	36078	37471	
1093	36079	
1094	36080	
1095	36081	20996	21029	21009	36062	35912	37920	21002	21007	41356	21456	21441	
1096	36082	36205	41014	20507	40624	38765	39672	35950	24206	21440	31497	23683	37070	
1097	36083	32157	32880	36937	32479	21428	15505	37151	31418	40282	
1098	36084	29068	39064	
1099	36085	39688	32302	15348	39397	36144	12039	40742	37035	32940	19091	19689	
1100	36086	36085	19091	40856	40855	34368	40684	22680	39688	19689	
1101	36087	39843	20120	22504	22486	40417	39582	34330	39656	24204	27236	
1102	36088	41004	22485	23847	37405	37714	
1103	36089	38399	37854	34003	38285	38236	38055	36244	37982	38227	37701	37337	
1104	36090	33174	23641	11080	38774	38817	
1105	36091	36114	38223	39430	41242	40715	40259	22669	36241	20657	36089	18145	
1106	36092	37890	40858	18982	36146	23602	20964	21434	21448	36048	32671	
1107	36093	
1108	36094	25809	25254	
1109	36095	
1110	36096	36094	
1111	36097	36913	41051	38542	41287	34346	40843	37076	36474	
1112	36098	35912	41030	41313	36301	36384	41229	41192	36035	41356	41062	
1113	36099	40503	29442	36425	33638	36591	18145	32157	28299	40502	27092	39461	
1114	36100	36109	15428	25976	34931	31507	
1115	36101	36500	32866	31747	16336	16861	35115	15256	
1116	36102	35420	34025	33655	32244	32931	23598	36937	17841	32887	
1117	36103	33217	32244	33219	33714	32586	41023	31957	32676	33693	32475	
1118	36104	34931	35220	32304	34655	34968	33989	33499	
1119	36105	37137	37279	36106	35983	18102	17940	36646	22655	38465	
1120	36106	36105	37137	36018	37279	22655	40628	35983	37290	
1121	36107	
1122	36108	24044	39476	36975	18431	36114	37748	37137	38816	
1123	36109	15428	36100	25976	25813	25815	41230	
1124	36110	41242	36115	36242	37885	40891	38237	36241	41033	40426	36243	
1125	36111	24513	40320	37930	37235	21876	36288	41265	41126	36030	24726	28381	
1126	36112	40372	40381	40376	36014	36065	40379	40446	40850	40451	40467	40481	
1127	36113	40708	12660	20150	40292	39308	12963	26176	37327	40744	
1128	36114	41242	19918	36378	39430	36091	37198	36241	39465	19966	20130	39407	36224	
1129	36115	36242	41242	36110	39430	40460	36207	36168	40854	40891	36029	
1130	36116	40787	38800	32216	36334	37576	38795	39019	23307	38569	32898	23939	39040	
1131	36117	34098	20137	36349	32501	33049	26820	32521	32379	26864	32974	32335	
1132	36118	18849	13283	36751	11692	33151	32918	34076	37012	39469	
1133	36119	33822	29043	33232	37071	40537	32829	25697	34391	41292	39597	
1134	36120	29058	33681	33709	32847	34450	33682	36771	32228	34615	32295	36864	37650	
1135	36121	36451	34411	34346	32422	40411	32399	35951	34578	34390	
1136	36122	35901	35870	28296	28278	30110	37853	28281	36572	36588	36609	29969	41121	
1137	36123	32465	32463	37624	
1138	36124	
1139	36125	36210	27928	37780	
1140	36126	23922	12660	23132	37598	24680	28668	23400	
1141	36127	40521	23375	23349	17645	39421	39671	40557	37782	36292	
1142	36128	38809	31336	36129	36344	37151	35884	18608	21124	
1143	36129	20151	36044	40896	39366	38371	21775	10702	10694	38976	
1144	36130	31600	39507	37782	41017	41284	23922	32624	41354	23917	
1145	36131	40573	39470	37055	11099	40536	37056	
1146	36132	37087	40888	37868	39684	39315	17001	41092	40863	38088	39148	37739	
1147	36133	31735	
1148	36134	41076	11099	38474	38479	39395	38475	
1149	36135	37316	40282	
1150	36136	40720	37641	36523	39473	40534	39379	21745	39483	33513	39163	35060	21746	
1151	36137	36139	37316	40465	32684	40358	40956	36043	40442	40374	40285	
1152	36138	38811	17470	30406	20289	36839	41283	36472	39213	20751	20413	41020	30444	
1153	36139	32680	33224	36137	36021	37327	38423	37135	32052	39367	
1154	36140	37760	38456	37819	38397	37872	40017	38389	28461	38451	23917	38464	
1155	36141	35981	38045	
1156	36142	36532	38420	41034	39327	40351	38808	36218	36143	39556	36521	36536	37400	
1157	36143	36134	18114	18115	31600	35948	36129	39371	35984	39395	
1158	36144	39688	39397	19690	35906	36085	40837	35903	36680	
1159	36145	39633	39843	39853	37157	40724	37885	22888	41199	24680	37524	29535	
1160	36146	18936	23504	20384	23926	23178	29089	23939	22256	23303	23874	32669	23284	
1161	36147	37982	18127	38128	37949	38428	38086	38113	30892	37659	39474	
1162	36148	38540	
1163	36149	35318	33366	17535	14253	35040	32090	35388	33604	22946	33906	33095	
1164	36150	
1165	36151	24984	35913	36591	28299	37049	29434	33638	37692	36099	36425	33802	
1166	36152	30176	28380	34314	23927	26733	39380	39335	23926	23869	39467	35046	
1167	36153	33091	37178	14164	33322	39630	22256	31148	31342	34546	
1168	36154	40661	
1169	36155	
1170	36156	33962	32988	32994	26946	33702	34462	32195	33643	23927	34112	40729	28380	
1171	36157	31940	
1172	36158	39380	32537	36162	38612	21512	32970	18590	12491	33529	39335	
1173	36159	40621	33715	28295	39331	37779	36587	39371	
1174	36160	18697	33380	23187	29710	29565	38504	28446	10992	39103	13167	
1175	36161	33226	18190	
1176	36162	39380	32537	36158	39486	24895	20567	20563	36163	39388	36623	
1177	36163	18590	12474	36359	39676	30761	39380	35305	23400	18792	19665	28380	36678	
1178	36164	40975	23681	33980	39497	
1179	36165	38428	37833	38415	38222	38399	38451	37758	38390	38389	37829	37819	
1180	36166	41076	39431	28348	41155	41004	
1181	36167	37890	41060	38441	36301	41062	41313	36170	41202	41096	37757	41125	
1182	36168	37822	36473	40854	40853	38451	36563	37819	36089	38399	36115	38222	
1183	36169	
1184	36170	24920	36167	41123	36292	41202	37890	41062	36384	36057	41060	41009	
1185	36171	29995	30001	30000	30006	35985	29860	
1186	36172	18284	19915	22563	37385	18271	
1187	36173	32635	19584	37898	32286	38777	36876	23877	39327	37290	33228	38771	39247	
1188	36174	38290	
1189	36175	38437	40666	38386	34379	36693	
1192	23299	38769	36892	37884	10982	20704	
1193	39575	37524	
1196	12664	17612	17813	18203	18200	39657	39654	18211	
1197	37378	37940	39296	
1198	24770	
1199	38108	37524	38426	36165	28461	37829	38462	38476	36734	37825	38409	
1200	37566	24680	38968	39842	37885	22955	37451	
1201	17992	24640	37370	39490	18105	
1202	12834	32759	17817	11804	14085	14415	
1203	14132	40558	41269	26106	40229	11734	37524	
1204	38456	37760	37822	38476	37819	38462	36111	41285	38397	37982	41294	
1205	37370	
1206	36110	27405	32759	34404	36341	12834	38348	
1207	40229	
1208	10283	10287	
1209	20660	20689	20676	20117	11284	15302	28138	32940	
1210	37159	18619	19002	32449	18548	19658	
1211	33754	11067	11104	23916	32446	
1213	26988	23263	13174	21203	41357	
1214	15305	16238	15213	15233	15216	16213	15123	
1215	16492	
1216	15233	16213	15088	15123	
1217	10703	11594	20662	
1218	21498	11093	13044	12580	11993	
1219	26988	28235	21469	30740	21203	21174	41357	
1220	24019	39618	23436	
1221	12971	11860	11104	11067	
1222	37524	11100	41276	41014	41199	
1223	41354	41030	41356	36384	36301	35912	
1224	37370	23458	37524	17995	36108	36521	37286	33224	35919	
1225	41354	37370	35984	41229	36384	35919	
1226	38537	
1227	37317	12567	37286	10359	37715	
1228	32450	35283	33075	22341	13352	33499	12971	
1229	23349	13352	32962	40712	
1230	18355	36996	15962	
1231	15133	
1232	14444	37128	27258	32304	17817	
1233	14079	23444	14080	39654	
1234	37067	33764	18619	
1235	36412	39366	40537	34546	25593	14132	32886	38923	38920	37779	
1236	35897	21566	
1237	36413	16771	23349	23375	35897	37782	25465	
1238	37039	
1239	15334	37039	15453	15443	15427	15298	14438	
1240	16489	37786	
1242	37038	17658	13728	17671	40658	26846	12553	13739	31123	39471	10418	
1243	17202	20348	13250	11284	33495	
1244	36956	19477	23877	24649	10331	20988	31278	11117	
1245	13841	10611	11839	11065	14517	28049	14689	12583	14838	30638	
1246	17032	10886	
1247	10886	19546	16311	16653	23574	
1248	25227	22016	32247	
1249	38437	34379	36175	37080	
1250	36693	
1251	20308	21567	40358	23747	40371	40391	39251	33669	
1252	31589	33669	10693	33177	
1253	12963	37039	40417	
1254	36414	35984	36384	36462	35950	41012	40699	41076	41230	
1255	36416	40846	35953	35896	40574	37918	
1256	21201	40741	39294	36909	25103	13218	36417	40453	
1257	36418	27718	29779	13570	36921	38926	26842	41050	37858	38561	27256	
1258	39618	40002	37884	38920	15330	
1259	36419	40300	
1260	17642	
1261	23349	23350	36419	34660	11734	23290	
1262	36419	18203	17492	40300	
1263	28330	36633	
1264	36426	12786	
1265	11016	23294	14434	36359	35695	14668	
1266	37884	28373	37789	30169	
1267	36420	36419	
1268	34546	
1270	36420	
1271	36420	16182	33656	39285	36419	16980	
1272	36420	40354	16980	18202	32900	38923	31254	
1274	36419	14434	39038	23259	
1276	23436	23618	36612	26106	23827	
1277	36421	10754	39526	
1278	36422	15495	35058	16588	
1279	36423	36424	40847	
1280	36425	36537	36099	37049	33231	36503	33638	40502	29442	40504	40503	
1281	36426	36540	15094	36728	40202	12575	
1282	36427	32676	32445	34604	32534	40574	10352	36103	
1283	36428	39396	34704	35034	35168	37276	32306	33669	32619	35312	34861	
1284	36429	
1285	36430	36202	40899	36375	35906	39397	36085	39688	19185	19163	
1286	36431	39688	32442	36787	22678	38287	36721	36856	39397	22065	39637	21586	
1287	36432	16861	17022	11438	11355	12003	
1288	34515	36845	37292	41177	22256	19916	
1289	36801	22016	39916	39794	
1291	36432	21566	37940	21053	
1292	23809	26419	17021	33150	21599	15274	39558	39826	40403	29709	
1293	16220	
1294	12591	40741	37901	
1295	40552	23371	12617	23491	40741	22862	23660	37940	35697	
1296	36423	37940	17216	31254	36432	17614	
1297	18073	17058	
1300	39220	16047	
1301	37301	33869	16299	
1302	16910	13352	37940	32962	35931	
1303	37711	13352	39633	35950	19997	
1304	35970	34670	34901	34934	
1306	12536	10630	18016	36159	
1307	39507	23244	37906	23960	39296	37719	36061	37222	32671	
1308	33752	36474	35896	38386	36499	
1309	12182	11162	38736	12383	18016	39484	12197	
1310	33940	18050	32962	
1311	36395	33752	36918	
1313	12582	10634	17859	17865	17872	17881	14002	
1314	11756	
1315	31495	20709	10453	40704	27613	36889	35921	
1316	23618	38923	38727	
1317	34849	23948	23828	
1318	37577	38305	23821	23816	23822	23815	23819	23818	21542	
1319	36873	33156	41096	33417	15425	37890	
1320	37937	17215	38004	37939	37885	40624	
1321	18619	
1323	36701	14438	21784	11743	
1324	21784	19875	17790	
1326	39587	33456	19237	23446	33508	23348	41125	34083	24682	24678	39588	15152	
1327	37322	33440	32992	33960	18910	20169	18616	18780	
1328	38923	13014	15200	16520	40866	31930	
1330	23299	31909	10638	16629	31351	
1331	37884	17215	
1332	20529	
1333	37939	17215	41199	19878	37907	39292	39916	
1336	39624	
1337	37067	30728	
1338	15273	11329	
1339	13352	36044	32705	33557	17163	
1340	12963	41199	41299	
1341	37155	23827	41125	
1342	36103	33217	36427	33714	32676	32445	41023	32244	
1343	34555	16782	32253	34955	34670	35211	35897	35455	31600	35333	
1344	36104	34931	35220	32304	34655	34968	33989	33499	
1345	36105	36106	37137	37279	22655	40465	35983	36646	17940	38465	
1346	36106	36105	37137	36018	37279	22655	40628	35983	37290	
1347	36107	
1348	36108	24044	39476	36975	18431	36114	37748	37137	38816	
1349	33508	32446	15536	
1350	12375	39995	12574	31567	31920	10556	11458	
1353	14434	37884	
1354	15793	32634	35456	32653	36937	
1355	15493	14129	22408	
1356	11336	14041	14419	14325	14436	10316	
1357	11336	14325	14436	39469	14041	
1358	30135	14444	19733	12156	
1359	13190	11336	10321	14436	12160	14041	11338	18406	14347	
1360	37591	10443	37047	34668	39879	36543	34104	32028	
1361	24019	23445	33782	20002	11647	23259	23358	34117	
1362	12722	
1366	11339	19563	18131	18171	10322	23296	
1367	11083	20348	
1369	17687	39879	34104	37320	
1370	30051	
1371	33190	
1372	14147	10634	
1373	34753	
1374	14066	12025	22624	14002	15833	20285	
1375	17499	41102	41142	12025	17095	23295	33784	41166	41161	
1377	12584	13819	14044	
1378	23644	13458	17158	
1380	16587	15255	10961	35306	15806	15446	
1381	12802	35058	33505	34128	12975	31891	16751	33163	
1383	14563	37099	21566	31851	20626	
1385	37746	32534	38788	41243	32980	23617	38587	32227	20137	32521	
1386	34890	31431	37561	38254	31234	17700	40217	32910	31116	17615	23618	
1387	16132	32411	15433	16002	16140	33049	15669	17532	
1388	15780	16766	16521	17490	
1390	15453	15792	
1391	14490	17868	13044	
1392	10638	38254	
1393	24097	41292	19009	36342	33275	11155	
1394	40411	39396	19812	39292	27390	23498	35950	37417	
1395	39396	27259	26989	39148	36904	39292	
1396	36969	26069	32218	37440	
