4950	37841	10585	10943	
4951	25785	
4952	25785	25695	25633	25501	14133	25510	25481	25711	25632	25590	
4953	33890	18539	15036	
4954	15064	40202	18228	18245	
4955	25642	
4957	11412	28412	28417	28426	18832	11644	12218	11771	
4958	27534	27540	17933	27420	26568	11947	13679	23152	
4959	36612	39419	11100	20713	40705	
4960	13896	11155	39296	16029	
4962	14570	
4963	18160	14159	33917	31118	
4964	10985	34644	14105	
4965	18219	18232	41290	41289	18228	18218	40658	
4966	27419	27422	39000	14127	
4968	12217	
4970	22528	28251	24787	17124	20182	
4971	24779	
4978	31096	10939	
4980	18325	18334	
4982	27365	29609	
4999	23297	37177	21780	38228	38969	
5000	16808	15956	17788	
5001	21772	21745	23028	39521	39379	21764	39162	23030	37749	37778	23431	
5002	16775	21748	39647	15905	36153	
5003	21764	21745	21756	17479	17846	13819	39162	21755	
5008	13688	27731	10745	26391	
5010	19546	29800	10704	12654	33669	17937	13029	11915	
5016	37180	40373	
5018	10337	
5020	28223	24772	24640	28663	37091	
5040	13277	19262	11621	10783	39533	
5041	31775	
5044	38162	25059	38142	41185	
5049	14504	26237	24305	24290	
5050	32759	34555	39088	33229	32448	36103	
5051	19793	28109	19152	33927	32940	32302	17916	33920	19255	
5052	33902	24772	13156	30323	22688	14159	
5053	11762	10948	10954	
5054	31118	33920	33927	25042	13156	30882	18015	
5056	27419	11223	13902	
5057	28214	18562	28668	
5059	33338	
5060	18562	
5067	12699	12692	13743	14034	15655	
5068	17777	10279	
5075	19668	34394	24041	37917	19746	24038	40469	
5077	14247	40653	24041	19746	
5078	40855	39397	34371	36039	36085	40856	19689	34044	12039	
5079	33831	29052	12039	39397	19091	37937	36085	35906	40743	40742	
5080	39691	39633	38910	37370	37940	
5082	30237	33856	30741	33917	33865	18539	
5084	33865	30751	
5085	19506	18539	
5087	30639	18697	
5089	29710	
5090	11455	
5091	27309	
5096	29710	
5098	28668	15685	33345	15071	14156	30224	
5100	14137	30069	14168	
5101	24778	
5103	11226	24779	17812	17565	11243	14414	
5106	24778	24779	
5107	24779	24778	30792	24776	
5108	29717	33338	13181	17214	
5109	30030	30582	14226	28109	28668	30474	29717	
5110	30486	
5112	18539	28358	28668	14494	22590	30148	23902	
5113	23122	
5114	13372	23174	15685	28755	33858	29652	28431	33380	19262	
5115	12212	40783	
5116	12565	12979	
5117	13001	18539	23922	15685	
5119	19202	19144	19230	19689	
5120	14350	10715	13071	
5121	13001	
5122	19150	19011	19231	19496	40856	35906	19689	19473	40681	19232	19600	
5124	28668	22885	25281	25332	
5126	14137	10939	10724	
5128	12208	13169	11771	19302	
5129	10531	10474	14444	12456	11412	11360	12211	12415	10323	12387	14473	12217	
5130	14118	13372	13472	12844	11771	12425	11501	13711	14444	13083	
5132	11533	12394	10474	11362	10724	14188	12329	12425	12217	
5134	14325	14419	20199	15682	14436	
5136	14103	
5137	13472	13730	13384	13711	
5138	13328	
5139	20014	
5141	18384	
5142	40750	18085	11473	10482	14986	
5143	33697	
5144	27516	
5146	38893	
5147	19506	
5148	40750	
5150	28665	27816	17998	36316	22889	
5151	17998	30639	29892	18697	29711	28665	24185	22889	14644	
5152	11994	26195	10742	26210	27816	31103	11490	24089	33367	10491	
5153	33697	
5154	11293	10657	40008	
5155	13092	11972	11287	
5156	36046	18216	10338	31323	
5157	18198	
5158	37265	18216	36046	31323	
5159	10338	36046	13092	
5161	25319	17916	18003	
5162	38427	23252	23294	18136	15319	25319	14159	
5163	18016	12962	10693	13352	
5164	38097	37975	
5166	40221	
5168	37713	37524	38234	37526	38227	
5169	37524	
5170	37665	40718	19225	37524	30227	
5172	39118	38228	38229	40387	30456	30752	
5173	21493	33736	36555	
5174	31152	10505	12654	15201	12252	
5175	40343	36450	15445	12719	13347	34046	
5176	15646	16774	15273	36772	18960	
5177	13168	13880	38053	13435	12462	25087	13408	
5178	12462	29363	11075	11836	38053	
5179	17818	18206	18172	13558	17821	
5180	23482	23461	22811	21501	22836	22823	22862	32922	32925	22831	20017	20606	23469	21605	
5181	10316	15493	
5182	16824	36798	38260	16592	
5183	11716	12818	
5184	37804	14159	13109	23132	
5185	38403	26728	
5186	10756	20395	27419	20249	22324	
5187	37184	39397	36144	
5188	11068	
5189	40642	37417	40679	29521	39820	40639	23706	39292	37337	
5190	23220	37235	37937	39397	39574	29366	30991	
5191	14177	17916	15630	33927	26197	
5192	18384	
5193	26728	25319	36279	18358	22324	12106	
5194	15045	14570	11223	10943	11967	10279	
5195	18028	18130	18073	17944	
5196	22986	33877	17949	10742	21194	20145	
5197	17813	38939	17651	12500	13129	14570	
5198	17937	40866	40387	37515	12900	11062	
5200	19677	
5202	23606	39825	10931	11781	
5204	14010	13930	
5205	17916	14166	31118	12072	13109	
5206	12835	12136	12459	
5207	17953	14064	31118	17997	14159	17882	
5208	14159	11469	12835	11445	12450	33891	12136	
5209	17609	10322	11339	13794	13721	34682	10818	33511	16774	16941	34708	34393	
5210	12101	12095	12099	
5211	12269	11406	11932	12704	10615	12136	11469	10741	11404	26251	
5212	13883	27636	14515	41336	
5213	13877	10392	13558	13252	13896	17679	31139	
5214	10756	
5215	23155	23170	28344	36027	19880	20083	20105	20173	20411	20608	20614	20636	20647	
5216	36904	23939	18620	19586	39115	33213	36958	39162	39152	
5217	10827	10985	27419	12691	11665	12278	
5218	14286	14295	14063	14159	
5219	11762	10948	13706	11763	
5222	12841	10348	20716	14363	10499	40110	10511	14347	27534	27540	
5223	10316	10843	12154	
5224	12154	15493	10316	11327	
5225	10316	
5226	17413	37064	
5227	11327	
5229	11327	
5230	15493	
5234	13791	
5235	12002	
5236	12002	13662	10319	
5237	13791	
5238	17744	17261	
5240	10843	
5241	10803	10453	24763	10455	
5242	36755	10803	10453	
5243	38923	31351	36892	
5244	13190	10316	12154	
5245	10355	
5246	10350	17411	34060	10357	32758	12279	10537	16054	
5247	10351	38969	15920	16729	16710	10354	39294	
5248	10352	32676	36427	32687	18780	32445	
5249	10353	13405	10350	18073	15410	36683	
5250	10354	10355	33869	15353	34114	32993	36450	
5251	10355	10668	34060	12546	10354	34849	37579	
5252	10356	36951	17450	14408	14134	10352	16807	22065	16757	
5253	10357	10350	10537	13832	10359	23930	
5254	10358	12281	23972	37619	10386	10354	39605	
5255	10359	12282	17572	33075	37999	32634	12020	12096	
5256	10360	11700	39811	10858	20990	18620	23447	21777	
5257	10361	
5258	10362	12551	11457	12374	20760	
5259	10363	12788	15978	10695	10404	13794	13721	10396	39471	13506	
5260	10364	37729	15125	
5261	10365	16213	16289	34121	12870	13907	22384	37562	37791	
5262	34147	
5263	10367	21615	10843	14434	
5264	10368	10374	20279	23285	24892	17417	21678	23496	22338	10390	37663	
5265	10369	17461	21513	24103	37199	10855	23640	41186	23686	
5266	10370	19518	10855	19562	14033	23031	37549	33870	23687	40637	24887	
5267	19518	23687	10371	10855	19487	35278	23686	10875	
5268	10372	12630	20381	23672	17862	38156	31341	23874	23421	35191	
5269	10373	12631	23736	
5270	10374	20280	17417	23286	12821	15097	11720	15388	20685	13497	
5271	10375	34780	34787	10379	10884	15393	15211	13498	16291	15193	17394	
5272	34123	
5273	23030	15393	17479	21255	10376	23660	
5274	10378	10882	10884	15611	11712	11713	23743	12751	22874	23744	10379	23741	22875	
5275	10379	10884	11712	11713	12751	15602	21567	15097	21543	
5276	10380	18847	37576	35675	23810	23314	31632	31342	23874	11024	23906	37072	
5277	10381	17479	10858	13417	11053	10367	13759	11049	13347	
5278	10382	
5279	10383	23579	12957	
5280	10384	15409	
5281	10385	20316	23642	
5282	10386	35191	11162	32910	23640	12288	37215	10391	38788	22254	38260	
5283	10387	12288	20936	20559	31312	
5284	10388	10880	11709	27851	19187	
5285	10389	12289	33621	23870	12186	19076	39203	24887	13658	23547	19829	20353	
5286	10390	11024	21513	21514	23654	11817	23306	37576	16289	
5287	10391	12286	15372	22596	12287	33974	23930	12294	10386	
5288	10392	10440	16029	11929	12722	23146	41359	37652	10322	12294	38968	
5289	23089	34118	
5290	36738	
5291	10395	
5292	10396	21501	10751	
5293	10397	10400	30594	11839	21693	38806	33558	14490	40410	12583	40616	
5294	10398	34100	33997	33554	18542	34186	32414	33274	24277	35700	34464	23590	23840	33583	
5295	10399	10413	10401	13445	
5296	10400	10397	12561	13841	12951	11839	14576	12583	
5297	10401	10413	39038	31426	10399	23729	18301	26407	23906	21552	23688	
5298	10402	15543	
5299	10403	12135	12602	13862	13854	
5300	10404	12520	18960	17871	13721	
5301	10405	23238	23415	31568	22344	36894	34202	18369	
5302	10407	12522	
5303	10408	12522	17622	
5304	29390	10408	17810	26411	25488	40857	34546	16826	34548	40272	17589	36140	
5305	10409	10410	11779	11778	10875	
5306	10410	11779	10409	11778	10875	21779	
5307	10411	10413	
5308	10412	25390	20558	38986	31338	32819	34248	31630	37202	32562	31095	31111	17085	
5309	10413	10399	10401	31426	23303	40077	39297	12378	10411	20357	
5310	10414	10415	12605	
5311	10415	10414	12605	13604	
5312	10416	12606	39600	
5313	10417	12552	12554	10418	31231	10432	34730	32320	
5314	10418	12552	37038	12554	12553	10417	40658	34465	31123	
5315	10419	12746	
5316	12594	10420	13423	12427	13405	12681	13303	13902	13301	
5317	10421	18372	33798	12596	39451	39680	23525	33402	31350	18236	
5318	10422	12597	20599	
5319	10423	12599	
5320	10424	12599	29403	29489	27205	29404	27364	29417	27086	29420	27122	27317	27222	
5321	10425	12600	
5322	10426	10420	12601	12594	25103	21704	23526	20988	18373	21113	23471	12993	21522	
5323	10427	10403	12602	10961	11777	13854	
5324	10428	12603	10367	23491	33499	
5325	10429	39650	35385	17464	
5326	12807	13947	10955	10756	
5327	10431	12296	32218	33661	23575	36396	23124	10430	36969	36490	12297	
5328	10432	12300	10433	12301	10434	31231	31550	23860	10849	40959	10417	
5329	10433	10432	12301	12300	10434	31231	10849	23860	31399	11698	19562	13563	
5330	10434	12301	10433	10432	12300	10849	23860	32904	10376	11698	33579	23686	
5331	10435	20359	32579	41259	10489	13622	24763	
5332	10436	12527	10437	12528	
5333	10437	12528	10436	12527	
5334	10438	12529	10325	12179	38760	13428	13421	35186	
5335	10439	12529	12530	
5336	10440	12531	33703	23146	37619	35101	16174	10392	
5337	10441	12290	16653	39586	11737	15607	12567	21742	
5338	10442	10443	12655	39896	
5339	10443	10442	
5340	10444	10546	14515	38926	38927	38561	37729	11062	17614	39539	41278	37715	13620	
5341	10445	12303	10449	
5342	10446	10447	12302	10635	10448	10315	12147	
5343	10447	10446	12302	10635	10448	12147	10315	
5344	10448	10315	12147	10446	12302	10447	
5345	10449	10445	37466	34646	33640	
5346	10450	10652	10854	12520	11716	13896	11652	12818	23412	23928	10813	10704	13006	
5347	10451	32745	32186	37522	37515	34468	39473	38946	41335	12947	
5348	10452	12658	13842	37791	37998	13833	34643	38788	31930	32377	
5349	10453	10455	27219	39329	29506	20709	24010	17519	
5350	10454	10456	12364	12307	31620	27539	18384	25319	18391	
5351	10455	10453	19155	39398	30579	25262	27219	35963	29506	
5352	10456	10454	25319	
5353	13522	11168	23617	10457	
5354	13148	21867	19780	20248	37092	22362	17637	
5355	13519	18944	18171	11447	13843	29615	13240	13148	
5356	13460	20190	41357	20229	23263	
5357	41357	37939	29088	26406	17215	13460	23954	
5358	10364	23349	40387	10943	37523	11081	10279	37820	
5359	13843	18670	18359	13347	
5360	37939	16232	20190	32899	21754	17215	
5361	16213	34146	34792	34147	10365	34157	
5362	28211	11025	21615	20190	23318	
5363	11686	14216	10922	11168	12272	11733	11527	12312	
5364	19554	19675	13729	
5365	39908	21557	29053	33832	23577	23029	23412	23184	24072	
5367	30131	28342	37566	22346	23220	41099	
5368	13842	19093	29619	27375	
5369	13610	39551	37703	13621	22957	13608	
5370	19093	29619	41099	27375	
5371	19093	37185	21779	12658	21778	13893	10800	32575	
5372	21778	19496	34308	24512	27411	19716	23101	21823	19874	
5373	13610	39551	13620	13601	
5374	16196	14554	14421	11743	14529	14438	14562	
5375	16196	37869	19817	23216	13678	
5376	13360	13621	13609	13620	13610	31873	
5377	21557	26403	29085	13620	10770	27712	15441	
5378	23296	37869	13678	10665	31873	13919	
5379	13610	41258	37357	41099	
5381	37937	37939	41199	39633	17215	
5382	17524	15453	15425	
5383	39558	
5384	38885	39397	39591	37707	37566	22386	
5385	26406	39820	39396	25485	39596	38952	39591	29088	
5386	15445	
5387	21781	37939	18435	39039	17215	39037	21784	
5388	37939	17215	39039	36701	
5389	38952	
5390	27124	26405	40679	39396	22065	29088	37907	39292	
5391	33440	39396	38724	40679	29521	38952	40642	27390	29088	26405	39624	
5392	29053	33832	24072	39908	21557	30464	23412	23096	39842	23029	23299	
5393	36609	28317	36635	28329	10279	
5394	36919	37912	38386	40574	23814	19812	36899	36545	39502	
5395	36920	36899	36545	36771	13156	41184	34411	38562	
5396	36921	24678	33707	14662	24684	36418	23622	36381	
5397	37170	12691	11508	
5398	36153	13791	10550	38727	11594	10703	
5399	12719	37624	37862	19009	23031	13862	23353	13865	
5400	37566	19687	23412	23220	29522	27234	24639	24025	12473	19745	
5401	31118	11947	10939	10487	11665	
5402	38828	26046	25478	20002	13142	18139	12587	19183	
5405	10776	12329	12278	10724	13372	10617	13336	12691	12425	10877	10756	
5406	12278	10877	10776	10724	12425	12670	13372	33934	12276	12416	20953	
5407	11714	19733	10888	11687	10842	19538	17151	
5408	10842	12072	24640	11733	11714	10888	10732	24214	12239	
5409	10781	10827	13140	10732	11759	
5410	39794	29542	39137	13140	39686	39820	39595	12849	12838	
5411	14775	12028	10756	30142	27534	
5412	15330	11445	35181	17859	17865	17872	17881	15516	33655	
5413	15793	15818	14070	10550	15812	
5414	10724	
5415	13140	10820	10986	14136	13600	10826	14628	12816	28344	
5416	34060	14134	10820	13885	13145	
5417	19180	14775	10756	11687	11433	11947	12691	
5418	13671	27953	12885	11947	13679	19587	11354	19575	26568	13039	
5419	20002	10756	12691	14628	11433	10843	21213	19872	20750	22784	19880	
5420	12095	29165	20103	17934	
5421	14139	14186	17903	10756	12691	10827	14441	
5422	10779	10790	10573	10945	11879	13381	11168	
5423	18675	10781	10790	10779	11619	10729	11564	
5424	10790	11193	10729	10782	15003	11619	13381	11578	11879	
5425	18675	27862	27861	11614	30741	12691	11947	10779	
5426	10779	11614	10729	11193	
5427	12996	20048	21631	40631	40552	26087	21748	22387	
5428	39626	39602	39153	22408	
5429	13211	11740	22799	13302	22378	
5430	22571	40602	30720	30741	12691	
5431	11168	15670	21174	14000	
5432	39626	39153	
5433	23431	20246	21615	
5434	10453	40712	10455	10803	
5435	21615	23431	
5436	39153	13545	10386	
5437	39285	13009	
5438	11168	10662	10756	12691	13230	12937	11614	
5439	10332	11905	22358	21755	39153	
5440	13865	10404	13794	
5441	13862	10961	13794	13865	13854	
5442	16322	
5443	36953	23031	21529	22476	15038	16733	
5444	13892	13842	18680	20549	38711	32705	
5445	37055	37037	17671	31632	32662	25691	
5446	23221	37357	
5447	11168	12499	13230	14000	10662	13194	12327	13856	10758	
5448	13793	13854	
5449	17238	20359	21454	
5450	15742	21121	13424	13426	18424	23478	21119	23470	21113	23471	23475	
5451	10928	
5452	31384	25601	10853	
5453	13841	41353	21583	
5454	11781	31303	23221	13518	23363	
5455	16718	21615	23302	23445	
5456	13435	12473	19093	13809	
5457	11168	14000	12816	11714	11508	11578	10888	12269	10945	
5458	17812	14700	13480	
5459	10776	10820	22451	20172	10617	27210	22237	10724	31999	
5460	13436	10945	10511	14693	11521	10481	14555	11295	10348	11324	13194	13954	
5461	13155	10617	25341	10724	12691	12239	12398	10732	
5462	10348	12450	30069	12841	10515	14360	12691	
5463	13705	12426	13380	11375	
5464	11665	12276	10950	10688	
5465	14705	22243	10724	11421	13372	11733	14186	11214	
5466	14216	11733	11686	10756	
5467	10945	10662	10511	12519	12432	
5468	14153	14775	14166	12006	
5469	14166	14304	14002	
5470	14166	14478	10617	11733	10724	10877	14775	
5472	13190	10321	13271	14420	14347	13255	13496	13256	14305	
5473	14304	14066	14306	14527	10321	14704	14166	14435	
5474	20123	12095	17934	17942	20103	22532	
5475	10333	17499	10945	
5476	11410	10732	11619	10781	14449	10348	11386	10729	10945	11032	
5477	14775	12519	10945	10573	14000	
5478	14166	10937	11317	
5479	19678	10922	13155	13553	13140	11733	10945	10937	11071	13954	
5480	13896	13883	
5482	14700	
5483	13893	13896	13883	13791	16029	25924	23928	
5484	12519	
5485	17936	12443	14046	18144	
5486	11759	10937	14153	
5487	12236	11211	28315	11687	12691	11386	13496	
5488	13896	39996	13791	
5489	13896	13883	13893	13877	13794	13812	13791	
5490	12443	14046	11168	13194	12457	
5491	12236	11211	27553	11906	13947	12519	11928	27881	14775	
5492	15804	15793	15437	
5493	10756	14775	14060	14166	
5494	12828	
5495	12317	10468	13681	13525	10900	13235	13384	12311	
5496	10669	13244	
5497	12519	11665	11410	
5498	10781	11317	39622	12267	19739	14262	
5499	13134	15003	11193	10790	10729	10782	12430	11619	11889	11578	11561	11627	
5500	18675	12681	38760	15003	10779	27862	11578	
5501	13211	10756	13218	12691	
5502	11627	10790	13211	10779	11581	11578	12417	
5503	18675	13211	15003	18937	38760	
5504	13405	12594	11188	36877	35266	40427	12992	37125	18952	
5505	22431	22324	14527	22243	
5506	14040	11759	23801	13140	38199	20743	30021	24643	20680	39686	
5507	36609	36635	28317	28329	28332	
5508	37939	27361	
5509	12660	40708	33917	37370	38910	39633	37833	
5510	39908	29053	33832	21557	18582	23184	23096	27669	13006	23412	
5511	15425	15040	
5512	40856	39397	39637	35905	40822	36144	40743	19689	
5513	40857	32414	36356	23672	24277	23857	28237	19972	37290	39305	23858	
5515	40848	21748	39039	18614	18616	39329	20721	18619	18618	39247	20489	
5516	12963	36873	
5517	26405	39584	29088	40679	27124	29087	27273	40724	22065	37907	39685	
5518	39397	36144	35903	41199	19745	40742	39637	
5519	14131	14266	23614	13582	19872	20619	27417	20750	22268	19899	19880	
5520	14133	25676	25788	25711	37841	12285	37531	14515	38053	
5521	14134	14266	18621	11062	
5522	14135	18616	37036	34378	21748	23959	12462	28236	38034	39037	
5523	14134	18992	18931	18621	16229	18833	24026	
5524	37316	23412	24680	
5525	21781	19874	17215	18435	38034	39638	21784	39037	
5526	15445	14129	23436	19078	11084	
5527	16029	37746	13842	38788	13044	
5528	36919	34451	36324	18197	36540	10695	23814	10938	
5529	40851	37235	29645	39633	14040	23098	37234	41126	37566	
5530	36920	37524	36545	36899	37234	13156	38562	37453	37494	
5531	36921	14662	23800	17032	24684	
5532	36912	39823	35951	11734	35952	40558	41051	
5533	36913	41223	41049	41124	38557	36097	32250	34346	36644	41121	40843	
5534	36914	21709	39203	21732	25409	32798	35270	30605	19205	10896	41248	39811	
5535	36917	11070	13862	13244	23618	38920	
5536	36918	36693	40914	37918	38781	40574	39575	
5537	36922	38650	22512	21405	23729	38463	21403	16028	22511	39016	21404	38986	21239	
5538	36923	27390	40637	40642	23491	30467	24714	37337	36447	
5539	36924	32396	21737	16455	11043	11042	34178	34510	36696	12677	34130	36937	
5540	36925	40110	15258	34547	14208	11888	13169	19538	12999	35460	
5541	36926	33226	12949	33065	40287	35904	35318	40838	25594	40255	25593	
5542	18616	
5543	39419	39685	39152	38386	27233	
5544	19689	36804	19878	39397	36085	36857	
5545	13862	13793	13842	
5546	23220	22370	39946	23115	37235	22386	29366	24639	
5547	16402	
5548	36873	
5549	18619	33764	
5550	36926	37251	38819	25602	34450	25593	40278	40287	33065	40017	26106	
5551	13793	10812	13865	15536	39296	13862	
5552	25952	11162	16455	36924	34178	16964	31418	11118	11042	34520	25842	
5553	15040	36701	
5554	40856	36144	35906	40855	39637	19689	
5555	40857	36356	39490	38371	12187	41296	36037	21776	
5556	40858	37039	36873	15425	
5557	40859	40862	33736	21771	38977	21772	23027	39468	27810	27273	23624	
5558	40860	19972	20346	38911	39252	
5559	40861	40913	39016	23276	23242	39305	20270	39247	21740	36867	23351	20290	
5560	40862	40859	39568	39329	21771	39468	39334	23457	33736	39247	21772	39563	
5561	35897	39251	40357	41014	37890	14132	
5562	38952	27273	37907	
5563	40863	39315	39684	39312	37868	34607	37748	37406	38911	37461	
5564	15349	39637	37035	
5565	36144	39397	39688	26405	35903	40742	36085	41237	
5566	39633	41199	37157	37524	37494	37234	37316	39397	
5567	11855	11856	40712	11100	39684	12966	37316	41199	
5568	13153	
5569	17504	13794	
5570	23029	23049	23101	
5571	36923	36113	40708	21778	37915	23446	29528	38888	
5572	36939	16271	18286	27848	36822	40494	37554	20385	34037	27436	25420	
5573	36940	
5574	36941	19002	31191	23624	36870	33764	27445	39563	23623	23577	40696	
5575	36942	32473	39038	39040	32563	39031	18590	33748	23571	23757	39029	23688	33998	39020	
5576	36943	36818	29102	26421	36831	36583	38415	33486	37875	32836	32840	33549	38055	
5577	36944	41332	25453	12358	18713	17032	18286	25102	25450	19180	27848	41333	
5578	36945	33166	34269	23926	32751	39305	34154	36284	38775	36859	31939	37893	34190	20432	
5579	36946	32553	26853	18936	20148	18691	37046	35270	22063	25959	32603	33493	10873	
5580	36947	18431	18365	18220	18428	40766	31358	18437	
5581	36948	36993	18691	40914	23250	11776	18936	23550	23376	24691	
5582	36949	37272	39389	39649	32359	32658	31150	37046	19155	31310	35887	39390	
5583	36950	39468	
5584	36951	17216	37940	32676	23858	16562	31898	37057	34378	10356	
5585	36952	26025	34359	39391	39336	33303	24892	18063	31342	19987	23314	23421	21701	31422	
5586	36953	37180	39014	37178	37325	28380	39246	40569	39247	30176	39017	
5587	36954	36760	
5588	36955	37576	23889	23874	39406	38769	37180	38156	23728	23654	33262	39252	
5589	36609	36573	28282	38260	
5590	27574	37417	13476	39596	38721	
5591	20267	12704	13524	28344	13042	36027	19545	23155	23170	24588	
5592	36873	
5593	17497	
5594	10703	14011	
5597	25694	
5598	25941	25594	25509	25501	25785	25942	11223	25657	14133	17985	25945	25498	
5599	15478	24027	14559	18062	13150	
5601	10287	11814	12893	10329	14036	
5602	10457	13131	11550	11438	14036	
5603	41336	41305	27419	19563	12893	
5604	41337	17923	
5605	41338	38811	30446	22165	22416	30406	22167	41020	30802	30235	22166	40289	23606	
5606	41339	40559	41126	40578	41206	41297	38004	37930	38385	37235	37453	38401	41265	41266	
5607	41340	40597	39684	26394	38879	26069	39309	39315	36396	39601	39015	
5608	41341	33487	19689	23982	37432	38446	19091	19161	39688	36742	35906	19076	
5609	41342	41099	21496	20055	15715	24644	21593	37942	21470	37562	21778	
5610	41343	16510	20308	37066	39203	36914	21816	
5611	41344	
5612	41345	23461	30801	22862	25491	22503	23462	23466	36975	18946	40552	40519	
5613	41346	37867	39555	41137	37313	37463	35959	41203	38567	37120	41060	
5614	41347	41077	41122	41125	34083	37781	37999	41198	
5615	41348	22340	23616	14164	32324	36813	38923	38769	37180	40249	41335	
5616	41349	40976	15543	41335	16684	31708	24709	
5617	41350	
5618	41351	28344	30133	11771	11798	14628	23992	12979	12855	22283	14819	14224	
5619	41352	37890	37397	36384	41123	41356	41202	38484	39552	35912	
5620	41353	27232	29520	33661	31222	33004	40540	39091	21725	11083	26667	
5621	41354	36828	41356	37782	32415	
5622	41355	41259	40869	19189	20359	23491	23614	40499	41243	
5623	41356	35912	36292	36384	41354	41352	37890	
5624	41357	23269	21203	23263	29192	23801	21785	30518	13460	22232	26406	
5625	41358	27570	27567	27557	27564	27571	27604	27592	27760	
5626	41359	32687	20309	23504	18196	21542	41154	37652	
5627	10457	13131	12691	12457	13123	11447	
5628	27375	13435	12197	11438	29619	27665	13179	
5629	18034	17980	35585	40989	38442	37428	17817	31743	32837	
5630	32446	13352	23960	33693	
5631	13352	12927	14897	12928	
5632	14036	
5634	15434	13148	17937	
5635	11381	
5636	20626	20584	
5638	41099	38053	
5640	15795	12028	15793	11386	
5641	12329	12425	13155	10776	10953	12311	10520	12235	13554	
5642	12072	22243	10827	
5643	14527	14066	13255	10573	
5645	29747	11438	14106	11350	33901	16396	12270	10458	
5646	13682	10945	11759	19906	12312	11550	14153	19733	
5647	14703	14305	14153	14559	
5648	10573	10945	14527	13194	11391	12253	10506	10511	10732	10662	
5649	10937	10576	10986	13140	11217	13474	11759	
5650	16449	15478	32441	37064	17102	
5651	13413	23616	37791	
5652	11916	11014	32246	12947	11810	37859	37826	15294	
5653	11083	10552	11843	23350	
5654	17102	32441	13862	
5656	17102	13862	15832	
5657	15667	
5658	11343	16181	
5660	15832	13896	15445	
5661	13725	26866	13522	14942	
5662	13725	14942	31909	
5663	14236	
5664	11083	21725	40033	22637	
5665	11461	27534	27540	38727	16998	
5666	21281	21393	21240	21465	21390	21410	17230	22512	21114	21115	21239	
5668	15832	13793	13244	11180	12842	
5669	12945	23431	12280	40521	22830	
5670	17829	14155	
5672	23763	33054	10638	
5673	15745	13345	32244	10431	23338	13850	
5674	10638	32218	23575	23763	29797	21471	23124	15078	23588	
5675	13862	13854	13865	19563	
5676	12527	10436	10437	12528	
5677	12711	12282	41001	15940	13885	37130	12096	16712	
5679	18591	
5680	10443	10442	
5681	13856	13536	19563	13804	13148	10479	
5682	19660	14434	12654	10483	14628	27782	19850	10487	10685	10704	29089	28344	
5683	10800	12520	20393	10862	12197	25420	25232	10843	29089	11670	
5684	29615	21725	13842	13519	11737	11687	13342	27371	10976	27784	13435	
5685	11947	33920	11189	33927	11886	18015	16050	12134	33881	12072	
5686	12328	12327	36857	24926	38199	10712	19916	11736	
5687	10813	23091	23756	32881	
5688	13859	18170	36967	39602	33817	37151	
5689	31418	13861	33501	20359	38260	36146	15393	17284	
5690	19586	39602	36967	23928	17572	39296	
5691	17261	13094	
5692	10820	14704	14420	12278	13155	12269	12072	10688	30029	
5693	31118	17997	17882	18004	14159	14064	17953	
5694	15437	12835	33891	15036	37449	19546	14153	
5695	13127	
5696	12006	23582	29576	
5698	14304	14066	14700	14306	
5699	11977	14190	
5700	24330	21194	22442	24808	26237	
5706	39825	39830	39826	14773	14952	18690	
5707	15040	37067	11743	15425	37039	
5709	26106	23827	23436	14132	19812	
5710	20626	15243	13842	11811	
5711	16000	41296	13150	25691	
5712	15443	37039	
5713	14036	
5714	23618	12197	15437	38727	37361	10976	
5715	15580	15304	
5716	23582	
5718	13109	35137	33932	33378	32600	36359	
5720	29717	12005	30749	24779	30754	13155	14588	24777	22264	
5721	36701	
5722	20119	21203	10279	38925	24117	26989	38051	28378	
5723	37447	37444	24780	30016	23242	29511	
5724	39163	39473	39406	23972	36955	23375	38880	23030	38156	37173	
5725	31278	19831	36785	20348	35318	13444	
5726	15797	
5727	11682	13323	
5729	23300	23590	24206	25662	29557	23220	37444	23496	25690	39515	37693	23840	
5730	15425	15040	15427	15434	17524	36873	
5731	38952	15427	39095	10548	36873	
