2476	36385	
2477	12156	10286	
2478	13083	37031	10900	16005	
2479	13310	11438	13169	13524	11350	12156	
2480	16512	31104	12844	37032	11751	12156	30090	
2481	15795	10573	
2482	24961	24903	24896	24928	
2483	24896	24961	
2487	23631	29187	11891	18426	37896	38735	26346	16592	39203	33229	15169	
2488	30414	26749	
2489	11644	12218	10486	
2490	17200	30040	
2492	35206	
2494	28668	14156	
2495	16540	
2496	33908	
2498	14167	
2499	14550	
2500	30040	14221	
2501	24257	
2503	30237	38990	30707	30751	30441	30039	
2506	16540	
2512	14106	
2513	24778	
2514	28357	
2516	29129	
2517	29133	26465	
2520	22927	29129	12231	
2521	29133	26465	
2527	24910	
2532	24680	37316	38885	29534	39633	27248	29535	
2544	27929	28855	20102	
2545	18395	21194	25755	28665	22890	
2547	24185	37620	26701	24336	22888	27816	28665	22890	
2552	28109	
2553	37067	33893	30728	14235	20618	14554	
2560	33570	38088	
2561	18285	18619	23872	33570	39247	38088	26407	39189	39305	36288	
2562	18619	
2563	30888	
2564	23821	23819	22602	23930	23816	23825	32687	23818	21542	
2566	12231	18483	22315	10744	14635	
2569	22315	18539	
2572	17813	18211	14495	
2575	37090	
2578	30707	
2580	30793	
2581	24778	
2584	12648	
2585	37524	
2586	13352	17572	14897	14137	13150	17163	
2588	30090	13350	13083	14414	14226	30930	
2596	30753	25037	33920	25086	24330	19851	18389	29018	24130	24123	30029	
2598	24644	16866	
2599	31365	31118	26827	32342	16425	
2600	11189	23349	30049	
2602	22442	
2603	40693	
2604	12783	27534	27540	13254	25730	12691	27258	
2605	10900	12156	
2606	16602	
2607	40967	17861	16913	
2608	34545	17001	36992	
2609	21645	23961	17645	
2610	36353	30465	39183	36746	16040	39153	
2612	15833	14566	12182	17457	16350	
2613	21444	21075	11083	
2614	41019	
2615	23090	35206	34939	
2617	10630	10843	33065	40017	
2618	33958	
2620	10307	17532	32243	
2622	18202	17781	13832	26138	12693	29617	19562	12810	23640	
2623	37105	11083	31921	
2624	10307	32193	
2625	35424	29069	33915	34113	34412	34437	
2626	17837	32157	23877	23837	20384	12594	18261	12995	16584	
2627	39583	15445	33193	36969	17001	36893	
2628	15203	16584	36490	16426	34933	35421	17336	35441	13305	
2629	32208	36932	32193	15889	32299	12658	34900	17537	32938	39537	39535	37230	
2630	39535	39537	13605	13608	41258	
2631	17537	41258	13620	39535	13610	
2632	16563	16749	12870	13851	
2633	38797	40217	37452	26093	36467	
2634	15204	13305	17185	20308	21678	12930	34921	16005	13248	
2635	21753	23152	32324	23216	37791	16717	22351	16695	
2636	15200	38920	15812	38923	37357	
2637	13244	35251	
2638	17499	40164	
2639	10687	10550	18211	13791	
2640	12719	11093	13787	15445	
2641	21744	15832	10843	
2642	10307	10405	
2643	10307	
2644	12147	10315	10448	18273	39110	
2645	37503	17616	
2646	17163	
2648	38547	39085	32962	
2649	35048	16782	33296	31586	37127	41318	32624	31600	34939	
2650	23601	37378	19672	37057	22779	39908	11155	14771	39916	13622	
2651	13606	39538	39536	37703	37784	38002	13596	39530	39551	32451	39539	10546	13598	
2652	41258	39535	39537	39065	39177	19916	
2653	37357	18950	38920	
2654	37036	
2659	16082	
2660	14550	16418	23723	
2661	24961	24966	24910	
2663	37170	41348	37036	15812	38923	38793	39051	
2664	14926	25974	38159	36969	34070	30416	18691	32243	39073	22672	
2666	17595	17490	33108	23574	29392	
2667	15940	16499	13885	16710	32199	16297	13823	
2668	32547	16332	32308	35249	16820	32560	
2669	20704	
2670	17716	17595	38159	36845	14405	11485	12376	13267	
2671	10307	
2672	10280	12021	15047	12185	13663	10278	23768	
2673	32580	31418	21646	31563	35424	32157	
2674	32759	33229	31418	33041	32880	36083	40268	36937	35156	
2675	15245	17718	17743	36101	
2677	23491	
2678	22408	13347	13743	17716	
2679	15832	15907	17774	17509	16319	
2681	34837	23301	16613	
2682	35429	35072	
2683	21281	21393	21590	21390	22524	21389	11052	21372	
2684	37791	37357	
2685	16695	
2686	15429	17282	16280	
2687	19228	41010	
2688	17774	16319	
2689	15449	39585	16807	37316	37149	26667	12482	
2693	18569	12893	
2694	11333	12359	12319	29717	10348	
2700	38651	11585	30761	
2701	33293	15403	23575	
2702	17147	21437	
2704	33190	32756	26423	17774	38053	
2705	12219	22557	10553	38038	
2708	15003	10957	33950	12718	13134	12715	12059	33353	27860	18675	
2709	27417	18846	24881	
2710	13134	27670	
2713	16196	40694	
2714	40866	37357	37515	21533	
2715	30439	36744	
2720	22339	24777	24640	22237	14226	
2721	12006	25643	
2723	11851	11093	13044	13357	13311	14832	40796	40087	13662	34951	
2724	12136	12835	17640	11469	
2725	32242	22557	40816	
2726	40783	15071	20662	
2727	10756	13123	12383	14299	12691	11652	12900	11447	11355	40164	
2728	40866	30540	19093	12900	13474	15508	10966	13519	25680	
2731	33370	
2733	39285	10307	
2734	23221	23363	
2736	10596	32159	15349	
2738	38064	34404	11799	37940	39182	
2742	15757	15777	15435	15519	17499	14066	
2743	37370	30387	29829	
2746	10307	
2747	11152	17490	36342	17609	20278	16398	32461	13171	
2748	14415	12002	
2749	13352	14128	33190	29520	10812	32756	12182	37105	17621	
2750	24764	24881	17953	32618	12096	
2753	14836	37721	33444	40406	40407	39291	39118	
2754	26836	32351	35294	38895	37403	32249	14836	34200	
2758	19621	38174	28459	23106	29270	
2760	16367	
2763	24881	41117	18846	12025	41142	41106	18723	41166	
2764	24881	12040	18199	18773	12025	25117	41156	13020	
2765	13266	40215	39073	14835	18199	27417	
2766	34110	18841	18571	17595	33108	18833	19186	16322	23574	34060	37579	32520	
2768	15090	30755	24778	
2775	10307	
2777	40704	36947	
2778	34454	41204	37849	38737	41353	
2780	31096	
2781	41348	37323	41327	34284	34139	
2782	21555	
2785	11281	
2788	24778	
2791	29116	29842	30449	
2797	30237	30441	29599	27315	22930	31134	30707	20768	33858	
2810	17622	17869	
2811	17425	36781	11818	29098	26417	23254	36756	31937	31877	13662	17724	39381	
2812	38260	27442	16190	26423	35472	32904	32910	33601	20366	39204	36334	
2813	27223	11818	29511	
2816	13057	
2818	41142	41166	41102	41117	41161	12494	25117	24881	
2820	11634	11737	27534	27540	10800	13565	18690	13670	
2822	12654	
2823	27417	36027	
2824	12654	10843	10704	
2826	13208	35612	17980	
2827	14415	32461	13847	33229	32671	33699	21440	
2828	31600	31136	35217	35019	34901	32021	35977	35333	35031	32219	
2830	15245	
2831	41353	13352	33661	
2832	15873	16309	15884	15885	14093	
2836	35306	35472	
2837	33601	31409	
2838	20381	19831	12842	17846	23354	22340	39153	10919	
2839	40621	39061	36876	38088	
2843	39378	
2844	16966	38064	
2845	16917	
2847	15745	31303	17433	
2848	24009	32671	34404	17691	40200	27258	40267	
2849	34962	13930	
2850	18050	16771	32962	
2851	21457	13352	32317	21609	
2853	15885	13248	
2854	18294	18273	10958	
2855	38276	
2856	18287	15174	18273	15853	18279	
2858	16545	15852	18156	
2860	17245	35080	34999	16004	35612	40195	10368	
2861	13902	40195	17716	12587	
2862	10693	10812	24881	37090	12034	10333	17097	
2863	14559	25643	30223	14554	
2864	10892	29742	20667	27258	35678	30090	28412	28417	
2865	34607	11167	30414	38956	14156	
2866	39078	
2867	35424	32294	29091	15286	13861	32316	18173	15080	
2868	31568	31384	32759	25730	
2869	15080	23972	39090	39513	37906	
2870	23326	
2871	41319	17224	23302	
2872	11644	12893	30183	10286	13043	11415	12014	12981	
2874	24777	21566	39594	14304	
2875	30579	12072	19672	12312	
2876	17144	
2879	17148	17205	
2880	14550	17144	
2881	30028	11277	39833	21420	
2882	28214	11492	
2883	10313	
2884	17153	34005	18569	
2885	17183	17186	18878	
2886	20055	34204	21593	20234	21496	41342	28235	22383	
2887	18569	
2888	18569	17178	
2890	23349	18359	40387	37452	17992	37161	
2892	34083	33960	32992	41347	23376	36215	33724	34450	12096	41125	
2893	37133	22423	
2894	10693	12096	10812	17095	
2895	36342	16769	34108	41001	16712	
2896	16369	14831	41277	12520	
2898	16695	33182	16302	
2899	16485	32504	17054	16381	16562	17761	33075	15912	16170	16796	32634	16383	
2902	10457	12893	
2908	12211	12691	
2909	28215	21194	24789	28668	29001	14559	30227	30729	14554	28214	
2914	15538	
2915	18161	21192	18165	
2920	29797	14154	12807	24778	39291	14892	
2922	12778	38810	33364	13109	39490	14676	
2923	30486	33912	26195	
2925	36401	
2926	14166	
2927	17933	
2932	24789	14716	13123	14441	24640	28109	30223	28215	23920	
2933	27434	27498	
2935	11790	12311	12394	10494	10474	12416	18675	27750	11671	
2937	41150	12504	13580	12913	12379	13750	11721	
2939	12783	13591	13370	
2944	14301	28855	
2959	39533	12390	31775	
2962	14480	12220	14528	13157	11367	12204	
2963	15106	14153	11189	24777	28212	
2965	12072	11375	24266	38962	
2966	33335	28212	16966	37393	16609	
2967	37317	11319	
2968	17159	17490	16683	15186	
2969	14137	30069	11295	14103	14668	12398	
2973	12006	14550	
2975	37090	
2976	24779	
2980	12072	33920	14166	33927	38969	13155	24647	11759	
2985	23920	28668	24772	22688	33902	
2987	24640	27253	12278	14167	14186	13155	13232	30729	
2988	26561	25058	23920	11472	
2989	38174	
2991	38187	38174	
2993	23731	11898	16951	13010	
2994	26559	
2998	26568	37785	25593	26619	
2999	14164	18135	37922	37126	
3000	30135	
3001	12691	10756	14628	24953	19739	
3002	12231	
3003	40373	39559	18541	23149	24640	
3004	11472	29129	12231	11620	
3005	10985	40756	40762	28223	28233	
3007	13026	27660	36373	26878	23655	13041	25565	24749	
3008	24749	33892	22590	33876	36373	26287	11914	
3009	30029	30225	30035	30111	11790	25077	30027	40110	26396	
3010	14226	
3011	11771	
3012	32597	26334	27379	28275	36566	37803	25594	29623	
3013	19563	30758	
3015	28665	14208	22339	12278	
3019	26561	26556	
3020	15597	13798	14129	29778	11485	
3021	27728	29789	25058	
3022	35677	26619	26581	26567	31013	25595	29771	36549	
3023	27831	30528	
3024	26581	26751	26756	
3025	39187	25056	
3026	20721	11777	26423	22340	23214	13240	38260	
3028	11133	26245	10800	12895	41150	10650	
3029	26581	30540	34546	29772	37046	30761	19994	
3030	32141	38260	23299	11781	12842	10331	
3031	22340	38727	11781	12842	26093	25508	
3032	27379	18044	28275	36566	
3033	19935	
3034	12895	11133	41150	13565	11634	10650	11737	12504	
3035	15597	22340	17716	
3037	17716	36794	17718	
3038	36794	34298	18215	16594	34689	37428	38442	
3039	13208	27223	17095	31987	17082	17347	41167	24881	29511	
3040	13264	
3042	14831	26581	20250	
3043	18241	
3044	15245	13798	17716	15519	15539	13433	
3045	13131	
3046	12416	18675	11947	11386	10756	30064	
3047	11577	
3048	11447	13123	13232	14350	
3049	25594	26568	27379	30930	26396	40097	
3051	27942	13904	13989	13320	27534	27540	11804	12112	
3053	11549	14178	26237	26342	31119	10722	13978	13653	12132	24808	28107	18999	
3055	27831	10719	11520	
3056	27827	13288	26095	26949	28375	27840	19566	19383	12051	13295	11873	11543	25112	18846	
3058	15978	
3059	26568	
3060	23685	31602	12474	27446	31711	11314	11804	13989	16619	12834	11813	
3061	13295	41332	13244	19132	31686	13676	25080	14832	26999	13296	
3062	27827	
3063	25266	25264	25242	19380	26547	22870	35514	22874	
3064	27534	27540	11404	12034	12322	
3065	35270	20095	32411	33229	36946	31537	38627	32625	
3067	28012	26568	30035	18135	
3072	28116	29922	39310	
3073	29825	24196	
3074	11914	39187	33392	
3076	10500	10985	
3080	22243	39483	11947	41053	10936	11189	20142	
3081	12321	26117	12405	11359	13667	26583	12124	12064	12515	12215	18895	18605	25445	
3082	12405	13144	29884	28058	12413	
3083	10756	11771	
3084	12892	11007	12918	11469	28238	14839	14068	
3085	28412	
3086	17499	18045	
3087	14601	
3091	26558	
3093	13010	12654	19916	
3094	26605	20110	36257	
3095	13010	14232	
3097	13692	13705	13451	13478	
3100	18675	12185	28356	19733	28116	23256	11386	27299	14420	28426	13496	
3104	13026	18145	28283	24954	36574	39168	13041	39498	
3105	35429	37215	39381	21068	39504	12722	
3106	39288	20364	23079	26994	19839	38940	35159	33229	39381	23737	
3107	26093	27552	19839	12722	18778	18812	
3108	34423	
3110	27911	13026	38156	23655	
3111	40491	26581	11543	23350	40272	26946	26557	33040	26623	
3113	25072	
3115	30176	11433	12378	26946	39525	27534	27540	28380	
3117	37090	
3118	14190	26341	
3123	12025	24881	16178	41117	17095	
3124	39285	12821	14434	
3125	20406	20674	21452	21422	22285	21089	21577	21584	21561	21195	21427	
3126	13869	14831	13435	39290	11585	13902	15521	
3127	21561	21190	21175	20406	21437	21177	21422	21427	
3128	11469	14819	12136	12855	14628	22440	
3129	14696	
3130	14293	15036	
3132	14619	19386	
3133	14194	33920	14635	14619	
3134	12006	14314	14480	14293	12204	14559	
3135	12072	
3136	24394	
3138	14689	14674	12191	24030	30180	14653	10611	12313	13735	
3139	33390	31005	
3140	23920	
3141	12156	
3143	14467	31013	13010	26751	23350	
3144	26619	27629	34178	26139	23552	26581	
3145	21437	21577	
3146	35677	30758	26581	19546	27711	26586	
3148	19901	26245	21195	40020	28291	
3149	20543	20511	20406	
3150	26644	30310	24639	27899	13156	28381	29645	30236	14789	
3151	20674	20406	17716	20511	
3152	13370	13245	
3153	19844	
3154	19843	20688	20658	21584	19844	22764	
3155	21437	21561	17147	
3156	20511	21195	21437	20537	20543	20538	
3157	20511	20406	21422	20538	22420	21427	20586	20265	20543	
3159	21195	20511	21561	20543	19901	19830	
3160	21561	22175	21180	21186	21417	22705	
3161	19739	26019	26330	
3162	28226	
3163	21190	21159	
3164	30021	30035	30941	27461	28056	26568	
3165	22420	22412	20742	22782	20171	
3166	20742	19906	21193	30035	29882	
3167	21195	
3171	18483	10337	
3172	33917	
3173	10337	
3178	12951	11065	24278	11839	13735	14467	13575	13841	11799	33271	21583	14888	
3179	12006	36926	
3180	20742	22550	
3183	37091	28668	24772	30752	14558	
3184	39594	18043	41008	17937	40440	30521	
3190	28643	22368	25790	18558	
3192	21836	30088	33720	29261	20537	
3201	12379	17637	
3203	30465	
3204	15480	16437	15229	10875	30465	12522	16925	
3205	30465	
3206	39379	35887	
3207	11219	26875	36523	40461	39379	
3208	16346	34084	15257	34416	16336	33493	
3210	23349	21783	39379	
3211	27055	30035	40075	17910	26396	30111	26568	27379	
3212	30793	
3216	24640	24812	24772	18015	
3219	30486	28665	
3220	11727	17998	
3221	14208	22283	22339	
3230	20688	22316	
3231	28215	
3234	11737	23031	11781	19831	24926	10331	11777	25478	
3235	15538	22765	
3236	12390	
3238	14588	11759	14559	28214	
3239	21873	23967	21907	
3241	12006	
3243	17714	34084	33234	16322	18570	15358	18571	32461	
3245	33118	17995	33557	16492	35612	
3246	23759	
3247	36682	41228	33471	35983	40465	37616	37286	
3248	30375	12478	37412	37370	40725	36659	20103	20576	36016	41230	
3249	29392	34393	34567	33096	33913	26867	32546	32382	33682	34556	33867	32525	33287	
3251	19830	21200	
3252	16144	13861	17572	41001	32407	15933	13823	
3253	32419	33022	32926	38587	32794	16097	33149	
3254	17572	33118	29045	33824	41001	32602	33492	
3255	16063	33096	32586	34084	17714	34600	
3256	20103	17937	18231	13155	
3257	17572	32524	32407	32525	16575	16002	32546	29045	33824	33817	34000	34046	
3259	15290	16743	20142	
3260	38276	11673	33366	
3261	34435	32965	31698	34416	31887	32453	
3262	15521	15518	13869	
3263	41353	
3266	25217	26800	23132	
3267	22358	
3268	16710	
3269	10354	32812	38591	40212	
3270	33271	11839	11065	14947	12951	14214	37451	
3271	15920	15919	
3272	16746	
3273	35696	33903	28665	17972	
3274	23127	
3275	32198	
3276	41001	17572	33118	16559	16492	16702	10359	13861	33492	
3277	32794	33914	32770	
3278	33867	16765	16787	34084	34437	24686	41347	34413	33913	15987	15951	
3280	28643	25783	
3281	32789	
3283	36796	
3285	19828	25214	22256	20687	39039	27892	
3286	11161	23350	40594	23959	
3288	26623	23412	26557	26581	32272	30528	
3289	26751	27534	27540	
3290	37211	
3291	26751	27534	
3293	41288	23129	25216	23412	23157	
3300	23184	23132	24639	23629	23412	29053	33832	23902	18582	
3301	25050	27648	
3302	37157	23184	37316	20389	37478	23348	27648	
3306	18015	22442	13109	
3307	13026	23502	31963	21776	37620	
3308	30752	28109	24775	30223	24772	30224	
3313	26728	37330	
3314	37006	
3319	36316	
3320	10351	35441	15373	17572	
3322	23932	11100	40655	15918	40517	37061	17369	
3323	19682	
3325	11777	15271	38260	31871	10942	
3326	16434	12603	23221	11777	10428	
3327	16749	10440	18292	35416	35664	37619	33703	35009	25952	
3329	18107	41142	41106	41117	16178	41166	41156	22345	
3330	34654	36405	14164	31685	34949	23376	
3331	32634	41001	15433	16002	
3332	32774	22408	40770	33870	
3333	19793	23313	23549	
3334	19875	17105	23322	
3335	12006	16679	15617	
3337	33640	34646	37466	37133	10449	41203	32416	
3338	16612	32634	34280	13885	17280	
3339	14771	16460	18516	37940	23617	
3342	23801	22390	30740	28217	28251	
3345	30350	
3346	16226	14683	16236	
3347	40428	23431	41336	24659	21167	
3349	28117	17417	21068	23079	20308	39085	33366	36935	
3350	23763	15178	13345	16226	15076	15132	
3351	14414	13467	
3352	15543	16121	15585	17527	15848	
3353	36442	38926	37841	37304	41097	17813	14515	
3354	16368	31427	11594	10556	
3355	14128	
3356	12587	12648	12435	29800	16005	12620	11365	
3357	33345	
3360	24896	24961	
3361	37827	13129	18202	37304	13182	
3362	14196	14230	13917	14343	10962	14851	21570	12891	13685	
3365	11093	13518	11851	38785	
3366	30049	21778	30478	21556	38235	39128	37207	16968	23142	29528	
3367	21566	
3373	16110	16692	
3374	15096	16489	
3377	13057	
3379	36756	36781	11093	23139	11851	29098	11818	36730	13357	
3380	13357	16942	40866	15269	34281	13355	
3383	33272	36730	
3384	13044	15038	24713	37209	21766	12787	
3386	40973	39204	15310	39031	38736	15108	33155	23688	23738	35472	31431	
3388	12026	
3390	10640	
3392	41142	13543	12182	10333	
3394	23871	41154	
3395	28005	
3397	28668	14226	12983	18675	23922	24640	
3399	17104	
3402	10337	
3405	23407	19893	29895	28785	24208	24904	29841	38182	38188	25195	
3406	28607	28530	27411	28646	
3408	33338	28251	22390	23801	24787	30740	
3412	11825	11037	
3413	18046	23238	12520	32448	36700	33868	36765	36785	23800	17837	23940	10695	35968	
3414	17718	15245	13293	17716	15985	17722	
3415	16797	17407	19480	
3416	15198	37051	23798	32819	16677	23363	23325	26423	26861	
3417	16787	29392	33913	23332	18991	29070	15888	15951	
3419	16830	14775	14060	16837	27238	
3421	16050	20767	
3422	12398	12005	29388	30879	14166	
3424	40109	
3425	19180	31118	13208	17933	11484	12386	27534	27540	26568	
3426	32618	39526	20351	12340	36501	40760	37922	18971	34356	39366	
3427	30521	18971	39526	33111	33113	29392	23332	26867	
3428	13044	16237	11810	11014	11093	11642	14627	13261	
3429	33405	38547	37622	37112	37465	36824	37260	37199	31943	
3430	37112	34189	32669	38547	14311	32553	37897	34171	36334	
3431	18644	37150	35284	38969	20511	36636	
3432	37112	32534	31972	20351	17587	31148	
3433	33492	37549	26667	32756	33190	30051	25352	27248	
3434	33687	29063	30521	37746	
3437	10353	36861	36683	13405	30741	
3438	14480	14517	12204	14349	12191	14554	14314	11367	10611	11349	
3440	14480	
3442	33271	12204	14794	39826	17839	
3444	12691	10756	11947	12269	12983	11433	11508	
3446	13841	11839	33271	11065	12313	17868	12951	28261	
3447	13841	11839	13291	28261	12583	11065	17868	36552	12951	21526	
3450	17456	33182	34034	
3451	17456	
3452	32266	17456	32758	36103	35239	31966	34034	
3453	15142	12546	10355	17456	
3455	13869	11093	11851	35306	15642	13750	
3456	23821	23822	23816	38305	41154	23825	23820	23815	37577	23823	23819	23826	
3457	24277	33610	33430	26066	11738	36064	25968	23300	10638	
3458	17286	15060	
3459	34245	12947	23618	21508	
3460	19180	19188	24019	11687	10842	
3461	34091	11777	
3462	17584	17460	
3463	31955	
3464	13370	
3465	18429	18779	33764	18619	
3466	12769	34460	17597	
3467	16079	18243	33545	
3468	37067	32449	10689	19002	34020	31191	32691	18911	
3469	21250	
3473	12770	31191	
3474	12302	10448	
3475	11442	31403	10315	
3476	10447	12302	
3477	18273	36597	
3478	18273	12147	10315	
3479	16584	16426	16297	21521	17449	12995	13820	
3480	39555	39604	36490	39585	21657	17474	
3482	14490	11839	14836	38051	
3484	32761	23250	40785	19916	34189	34171	33502	12383	
3485	33502	32536	33035	32542	27228	31792	33536	34492	11484	34484	32761	
3486	18723	27269	33107	38741	18642	33035	12760	26824	18674	34484	18829	
3487	40207	23216	40765	34484	37484	38779	38916	38924	38948	38970	39041	39160	39208	
3488	20351	33502	39525	32565	39630	31792	17330	33596	
3489	33502	32536	32761	23250	34189	23347	27228	33536	
3490	31873	31792	38546	38630	36550	28259	38569	32783	13678	26861	
3491	37897	40765	34188	31792	31394	20351	
3492	11014	
3493	12722	
3496	12134	38940	37622	29617	39296	18778	12722	37276	23330	36116	
3497	29911	12898	13129	12764	13481	14587	
3499	37092	22277	14260	21212	28405	20938	
3500	15064	13109	11572	
3502	12719	13352	26676	40554	
3505	17330	
3509	17650	17512	15832	17590	17774	15508	19487	
3511	24019	
3512	21461	21433	22396	
3513	20974	39680	21796	39845	18372	20970	33402	
3514	17254	23671	
3515	30414	23077	28117	15188	23684	21678	23496	17193	23090	23078	
3516	20017	32922	34743	23482	13874	
3517	21105	15305	13874	17043	17233	11083	15232	
3518	35424	20348	14415	11083	33229	
3519	17419	33555	35197	32580	35424	15128	
3520	32441	32382	26867	17102	
3521	29069	33915	34113	34412	34085	20348	34413	40948	34437	33996	33867	
3522	17460	33182	17456	17584	
3523	33035	20351	
3525	32979	
3526	35212	32979	33567	31705	20351	32618	17692	
3527	25598	12590	
3531	32757	15446	16792	11777	
3533	16486	
3534	17116	
3539	18144	17238	21570	
3540	22408	39153	
3541	15429	14700	17261	10634	
3542	25698	13023	
3543	17587	32286	
3544	16569	
3545	25047	
3546	25216	12006	
3548	14293	15036	37804	30720	28381	14524	
3549	34644	12979	14136	15071	28668	
3553	25077	
3558	24577	24654	23902	
3560	19733	15859	17100	13169	11687	11792	10933	23881	11746	
3561	34791	34649	18751	
3562	38016	17105	
3563	33196	35737	23483	36334	32565	23858	11500	23228	39525	39296	
3567	33326	33697	19986	17922	33115	32346	31987	18135	
3568	41156	41117	12025	24881	14991	
3569	27665	11282	18670	12783	23250	10331	18202	17985	25232	
3571	23391	17953	14183	40765	17982	18201	34290	12096	23152	
3573	17263	22408	
3576	33310	
3577	32473	39040	
3578	34066	14312	39165	32580	38537	31197	32536	36622	32249	
3581	19839	35456	13859	11886	10322	38727	
3582	18045	17883	
3583	41002	33097	
3585	40697	
3586	36937	10669	12368	31955	
3588	36290	19586	36789	19604	20108	38224	20121	19806	24705	39418	
3589	37870	33911	34024	23324	23681	33782	
3590	23431	23221	20055	23363	23302	
3593	20909	20544	
3595	36477	21978	29679	21591	
3596	15542	15503	
3597	36405	18571	17816	23951	36640	17595	
3598	33985	
3600	41199	37940	
3602	32693	
3603	34791	34649	34775	23363	
3604	16564	34791	18173	22408	
3605	37304	38946	38254	
3606	23445	21615	23318	21753	23302	29558	27272	21742	23539	23221	
3607	32106	13793	21725	15933	14507	13802	27258	10976	13842	
3608	17202	33782	27258	12587	
3610	23445	34791	21615	18950	34117	23318	34649	24646	23431	37357	
3611	15691	
3612	40783	30125	28336	
3613	37038	36423	13728	36044	26846	37161	
3614	11469	13524	20267	13148	14628	12136	
3615	39148	36711	36044	21745	39471	13506	39553	
3616	40783	
3617	20246	23903	
3618	16771	23457	22596	23349	35214	31806	36316	
3619	39153	24272	35897	37524	39391	
3620	14281	40387	11062	
3621	23844	23815	32687	
3622	17330	34791	34649	
3623	16660	
3624	17578	11328	16660	
3625	22408	32473	23228	34791	34733	35278	35737	31898	
3626	33737	34282	27228	29516	18971	33525	32542	34492	33035	33567	20351	32190	
3627	34694	23483	22609	33259	26192	26733	31227	34777	34175	
3629	32787	29194	35690	
3631	13730	13372	
3632	31775	36850	36861	33919	12390	
3633	16624	
3637	34791	10976	
3638	34791	34649	38727	
3639	34791	32604	17609	16499	38543	
3640	15940	32199	
3641	23497	23549	23758	13499	37813	23762	30734	21723	39385	23354	21728	10328	23366	13644	
3642	22408	17103	39605	
3643	15521	
3644	18107	17975	17925	41106	
3645	30515	33310	26824	32339	32741	40765	
3646	15506	16981	16833	
3648	34905	17460	34182	
3651	33867	32382	26867	34085	34413	29069	33915	34113	34412	16765	34437	16787	
3652	12482	32546	18516	16167	32604	33737	
3653	34791	34649	10649	18774	12722	11792	24034	19839	34251	17330	18778	
3654	23686	37178	19562	14164	21513	40735	14886	36153	
3655	19733	18778	18811	26557	
3656	34711	
3657	23611	21223	23778	21495	21254	34771	34923	17600	23486	
3658	12582	10634	11430	10633	
3661	15224	16291	14128	22956	
3662	19562	19487	10855	39038	18985	19518	17583	23545	
3663	23228	37563	31953	26845	
3664	32614	35315	19987	29798	23303	23483	34019	26989	33781	
3665	38547	30051	39153	32482	12294	37754	25800	18936	40539	37906	16588	31431	
3666	32733	16574	33052	35234	29391	35474	39376	
3667	12722	15445	19839	13186	
3668	12082	36050	17637	
3669	39068	35142	32772	33043	35306	
3671	38711	10693	
3672	11016	15843	14668	11804	
3673	15884	15873	15885	16958	14093	15844	
3674	11804	15843	10599	12919	12368	16619	
3675	13348	37375	
3676	17245	
3677	17980	
3678	15852	14668	
3679	17245	31408	
3680	15852	
3681	40385	39528	13468	
3683	36490	32634	33075	17577	33661	
3684	16782	37452	10647	31343	36044	11162	16861	
3685	13352	33940	17577	
3687	15844	18156	16958	15843	
3688	13352	
3689	12634	12636	
3690	13352	
3692	15186	31418	
3693	10279	17637	10943	14127	14570	14133	10687	15823	
3694	32634	34303	
3695	10279	41097	12285	14570	10297	17637	
3696	10695	11084	32694	10428	37009	32671	34546	35333	33499	
3697	16296	32962	34555	31965	37106	33932	30761	21465	
3698	38968	
3699	31559	33492	26667	32918	
3700	17245	35596	23763	
3701	13352	37619	32674	32624	
3702	35101	35209	
3703	21068	39513	13847	39088	
3704	35974	18081	37711	18043	33869	
3705	23491	11083	36587	23358	33499	16912	
3706	15232	34625	12722	
3707	32918	41353	33661	17572	30759	13859	39091	
3708	14312	17340	
3711	36969	33661	30051	32761	33867	
3712	37549	41353	31222	26667	14128	
3713	31943	39084	
3714	18294	18293	18253	18260	
3715	18294	18292	10958	12147	10315	
3716	14666	16009	
3719	27848	
3721	18252	
3725	17419	31968	
3727	15284	21518	35424	
3728	33661	11167	16039	
3730	15943	
3732	15173	15196	
3733	15232	
3734	30414	17419	15125	
3735	17419	13352	
3736	17419	35424	32686	34454	33493	33041	35197	33054	
3737	17419	15284	33991	15109	33041	10609	
3738	17032	16683	16373	12083	17100	
3739	13530	10599	18173	11792	16683	25420	19839	29089	41277	21725	
3740	20667	37619	35101	41353	35191	31559	39514	40957	
3741	18751	11429	23660	
3742	31281	16215	
3745	12006	14534	14314	14153	
3775	24324	11600	
3776	33380	12619	33912	20110	12983	
3789	30793	33920	28210	30754	30049	24640	33927	11759	11189	
3800	33610	23889	25087	39250	25733	
3801	32308	15060	
3802	17856	41074	21722	
3803	22212	16087	
3804	30602	23894	19548	25328	37151	
3805	39162	18145	13015	21764	24941	
3806	32780	39441	39164	
3808	19003	24887	23738	37180	37036	37549	19828	
3816	26812	
3819	22986	18164	33403	17949	22985	33875	31687	
3824	13565	27784	
3826	13370	35993	11237	13591	
3828	34709	13796	34145	25730	11585	10892	21615	24019	34123	
3830	40816	17985	37522	13244	18211	18200	41277	
3833	11104	11067	12971	11860	
3837	41154	35318	23844	30463	39587	
3840	16619	27451	11549	
3842	33925	
3844	12893	
3845	12825	31118	11724	33363	
3846	14421	11375	
3847	19316	
3851	11920	
3853	35061	22341	33093	31908	31589	
3854	35659	21547	18357	35211	
3857	16341	21139	18260	21570	20645	24171	
3858	16341	12245	12236	11566	
3859	16192	
3860	15485	
3862	18697	24038	
3863	23930	16724	36930	11843	27665	10552	41154	35318	12810	
3864	30978	
3865	32694	40290	21557	24072	39633	29535	24680	37057	39691	
3867	24111	24691	14262	40273	29018	
3868	29048	
3869	19321	
3870	39068	35456	32479	32634	
3871	34038	19170	36052	19600	18964	32790	19603	40684	19202	
3872	19736	19321	
3880	33338	
3883	17200	
3884	14103	33363	
3885	18076	
3910	28116	26396	26568	40075	30111	28465	27939	
3912	26568	26666	35022	26045	38907	10998	32817	26567	
3914	26568	30035	30164	30938	38081	
3916	29932	
3926	33845	
3930	40989	27588	
3932	13083	12983	
3934	14374	
3935	13083	17197	10286	14444	12156	
3937	23132	
3940	29133	28619	40110	
3954	17105	40358	40284	
3973	33846	30147	29666	
3977	12006	14558	13157	16359	
3980	14673	
3981	30095	
3982	27816	27110	19013	20779	30591	13553	29913	39269	21368	17322	
3987	33845	18697	
3991	25237	
3995	30751	19262	19754	
3997	34849	23299	
4006	22559	
4011	18483	11478	11573	24419	33917	15007	22559	
4025	30035	29385	
4033	18028	11771	12918	
4036	28665	14208	
4049	11568	24874	27929	
4051	26396	28116	
4052	11638	11907	10677	11210	18444	19491	13579	12245	12903	12446	14623	11386	
4058	18697	33950	40975	30119	10492	33921	10592	23187	
4060	33356	
4065	11414	13435	19916	
4079	24239	
4089	14244	19167	19202	19144	19222	33349	18995	38550	18983	
4093	32789	
4108	37091	
4109	32480	28233	
4112	25286	
4113	28662	
4114	14705	26091	14167	
4115	11532	14224	13682	19906	
4124	35305	29536	22358	22254	38714	40863	
4125	25591	32626	
4126	17457	35662	39250	33015	
4127	38915	39568	41212	38203	38886	24688	23372	23431	25689	
4128	36876	36871	18644	37549	39285	27250	31147	16761	39247	
4129	21745	21756	39521	20044	21764	27648	38447	
4130	36090	36555	23918	
4134	30049	12566	39128	
4136	23212	32178	24000	12577	28237	
4137	36860	37898	40495	37631	33411	21501	21605	39030	
4138	38679	13741	15288	
4140	21826	
4143	27665	27878	
4151	13211	38044	40606	35976	
4152	36980	40427	38044	41229	35976	
4153	23948	
4154	13211	35289	30924	24011	39957	
4155	24996	18937	15684	
4167	24281	14912	
4171	13211	35279	24011	24006	40606	
4173	13211	
4180	11585	
4182	29717	17214	11891	
4183	25515	
4184	39036	37444	15349	20391	21784	38034	21783	37449	
4187	34535	
4191	24596	28207	19231	10491	30804	18489	27285	28726	
4192	37090	
4193	37365	14040	39138	
4195	27648	32793	34319	20142	
4199	14635	
4200	19757	
4202	14635	18697	19223	18489	
4204	29987	22884	20068	25279	29544	
4211	19498	19481	
4214	14878	
4216	24298	21775	11086	37711	21783	
4220	17333	21756	10976	12975	37124	21746	37180	29927	11792	
4222	24953	
4223	33903	23990	11994	24640	11727	13109	18015	
4231	14208	24640	11189	
4235	30529	30527	
4239	23902	
4254	14153	11759	37449	24777	19906	12006	
4258	14103	15005	
4259	28665	11727	
4260	35471	17361	
4265	33756	
4266	36265	17910	24241	
4267	14635	
4268	15888	29392	33234	25087	
4278	31213	
4279	40221	
4280	23292	
4290	14635	10491	26729	25543	24749	24239	12392	
4302	30103	23132	17301	29711	
4303	22321	
4304	25217	
4306	28237	40039	16088	
4308	37365	
4309	29534	
4312	10745	12359	11553	12319	
4325	39633	37316	
4326	10353	
4333	29990	35270	
4334	16695	27924	29808	36855	16588	18644	40112	25688	
4335	23972	15652	36163	
4336	41353	32977	32704	39088	34555	36981	37672	
4337	32599	39398	20151	19987	
4339	30438	
4343	32803	22408	34289	29990	23363	23794	17330	34206	39153	
4344	25733	24709	40039	26619	38886	18644	15933	38203	23446	
4346	23671	21446	
4348	37570	23838	14164	21745	
4349	15163	16768	
4350	24222	39148	21745	
4351	12577	28237	38878	15382	23212	32501	19987	24000	
4354	34900	39088	34555	34604	18685	36800	16771	41023	
4356	10548	21742	21541	23224	17526	33078	21555	23302	38882	23030	17415	
4358	37125	15747	22257	23462	12993	18373	21205	40552	23480	19477	22252	10420	21119	23874	
4362	17587	
4364	24911	24896	24913	24916	23406	40389	37531	
4365	37983	
4366	22332	24304	37034	23212	24000	
4368	32396	36696	33501	
4371	30461	37813	16458	16276	
4372	20381	12080	35062	32945	17714	25842	28237	34025	31996	35437	34026	
4374	21745	23246	
4375	39830	23948	
4377	37662	38237	37642	40724	
4378	16761	
4379	19546	10307	29800	
4385	33390	32789	13026	
4397	29717	
4403	25020	14635	28441	26729	10491	27929	
4408	16050	21457	
4425	14103	
4426	14601	
4429	23920	
4430	24968	33363	33876	33911	33370	
4431	23132	
4434	28356	18581	30090	40110	27467	17403	29742	27490	40470	
4436	25341	29987	
4437	11567	11437	10654	33341	13391	
4439	13391	11567	
4440	12227	15007	10742	15006	11567	11571	30737	12231	11568	
4441	20072	26915	22315	
4449	28708	30020	28687	28651	
