6016	28694	30816	28829	28900	28617	28703	20780	28486	22230	18474	
6017	27735	20780	29860	18328	29845	27531	27960	18327	30423	27969	25726	
6018	18328	18327	18323	18326	28620	28811	18320	
6019	28620	
6021	23059	14743	28846	
6022	19893	22764	28672	21193	28962	21909	23407	28538	21911	
6023	22764	23014	
6025	25774	29259	29220	
6026	29220	29259	25774	18455	28866	28820	
6027	25206	19770	27397	19612	
6028	19612	19770	28685	21924	28670	
6031	28530	28473	19613	18452	21926	28785	28545	
6032	22737	28480	28607	28785	19613	28546	28530	28526	19266	28589	
6033	28775	22737	
6037	28762	19612	28685	
6039	25774	29259	18339	29220	28866	28820	
6045	23412	37566	23115	21557	18582	23324	
6049	23319	19003	23928	39667	24025	20735	23783	37015	20389	23728	18542	39467	39665	39648	
6050	18620	19670	19002	18619	18911	23339	18780	18515	18516	18779	23614	18548	
6052	32235	11620	15007	12222	12231	15008	14985	14020	15006	12227	10700	
6053	25748	
6055	20103	27782	12005	11733	27419	22237	29717	12426	22236	12380	
6056	14019	11568	15007	12231	12380	
6057	23629	18223	30741	33223	24044	20390	
6059	22955	23484	20735	24688	23028	23629	
6060	23577	32694	23622	23435	39946	
6062	23377	21557	32694	23115	
6069	36861	36044	18198	35984	39398	37452	36677	39556	36682	
6072	17671	11484	32536	34290	37922	14335	
6074	40766	39318	24044	11776	38463	31351	39402	40351	39469	35293	39660	38290	37041	
6075	33151	38463	23030	39318	32576	40977	37041	37295	39471	
6077	38260	37012	23871	32576	18691	40621	23729	39035	32216	
6078	39388	37276	30745	18308	23851	39390	37161	39204	23127	
6079	23890	40077	26676	15978	37055	23928	36587	26846	
6080	22340	31975	33322	18002	34541	33509	38834	39996	26414	
6083	27660	18774	26581	13026	17827	27658	18419	11508	26042	32607	31111	
6084	12843	11508	18774	14005	10521	27776	25508	38834	14835	25680	
6085	41150	11133	24163	25680	22643	18642	13932	27892	
6086	23616	27534	27540	19831	34484	38779	38916	38924	38948	38970	39041	39160	39208	
6087	41150	12504	29772	13750	12503	11818	22643	12188	11133	
6088	27534	27540	11647	13856	24886	19183	37170	
6089	18173	17742	16029	13896	
6091	15238	17718	13239	33816	13143	15245	15599	13433	
6093	12156	30136	10962	
6094	10741	37031	15146	12112	12028	
6095	12368	12028	23254	20745	15968	13236	36937	13693	11831	
6097	15926	13819	15038	
6098	39017	11072	19010	39016	23808	12945	39247	23862	
6099	39262	41136	23808	
6101	25508	31329	12028	11674	
6102	20549	23948	
6103	20886	27676	10325	21684	20517	24146	13499	22403	29913	
6105	10286	13083	12156	15475	13151	12312	11647	
6108	23318	35675	
6109	14676	
6111	10331	19831	31278	23618	
6112	11105	11861	12972	38976	19947	36364	39660	36904	
6113	13370	13741	12947	11647	12699	
6114	13852	13798	16220	35115	15521	
6115	13740	16749	16001	11719	12820	35664	
6116	15040	15056	
6117	37417	38875	38721	39292	39596	23796	
6118	23242	18435	37036	
6119	17811	36462	16782	
6120	16654	17687	23456	
6122	37579	11116	12615	32759	
6125	20626	41177	
6126	17745	17744	17261	16157	23636	14044	
6127	10307	
6128	23455	21533	29558	32218	27272	
6130	13553	40137	
6131	13252	15978	18218	37038	40658	20103	
6132	30737	12231	15006	12227	11620	18235	
6133	13388	40750	20125	20145	11473	18224	10734	30737	18223	
6134	13388	20143	40750	11473	17949	33341	
6135	30737	33875	33324	22986	24123	31358	24143	
6136	10742	13388	20145	14981	15007	11473	10734	30737	
6138	17949	40761	40751	18235	33381	
6139	18398	18401	18384	22315	11568	18386	26915	
6140	30741	23922	29658	30737	
6141	18483	11478	18384	
6142	18339	18336	18340	
6143	18339	
6144	18339	31086	18340	
6145	29747	30729	12072	22216	14153	
6146	25748	40185	33856	
6148	18339	31086	18340	32150	
6150	29882	30035	28056	26568	24789	
6156	18567	12715	12824	34021	12825	16054	29407	
6157	18340	
6158	28356	
6159	33897	
6160	31086	18504	18492	18506	18500	32150	18498	18496	18330	18502	29895	18333	25093	
6162	18504	18498	
6163	18565	
6165	18504	
6167	33390	19734	24810	24721	25195	30228	24318	22637	
6168	29922	28116	
6169	18581	13083	40110	
6170	18504	18496	28586	28573	28551	
6171	20667	29863	
6172	18416	18438	18381	18439	18362	22737	
6173	18416	18379	
6174	35443	28116	28063	33390	28465	27509	
6175	26396	28116	
6176	26396	28116	25530	29856	29882	28063	18444	18416	26744	28181	
6178	30748	18474	28486	33834	
6181	30224	17995	28668	18003	
6182	30224	
6183	28246	14495	
6184	28668	28215	33925	
6185	29710	18028	33911	
6186	18339	18336	
6187	18339	
6188	12218	35610	39055	28116	19733	
6189	18498	23175	30225	
6197	11543	
6199	17817	11652	40087	18891	16005	32448	14130	
6200	39986	
6201	10491	30793	28215	
6204	18426	40617	38305	17238	21551	21544	21121	21454	
6207	12808	24016	35904	40838	37481	37234	33229	
6208	15425	37039	36696	
6209	22358	21755	37452	39484	37161	
6210	14132	
6211	23972	32624	
6213	23250	27523	28426	28412	28417	16771	19733	27528	23992	27552	33781	11790	20717	
6214	18521	30138	
6216	24046	28465	29845	38523	
6218	26687	
6219	19364	39082	
6221	19733	19685	18354	29133	28181	26561	
6223	24290	25319	18891	
6225	28116	
6226	26568	28116	26396	
6228	18118	38990	
6229	19088	
6230	29426	19088	29354	29607	
6231	30463	23184	23400	18582	24639	40621	
6232	13350	
6233	29710	18581	12218	
6235	18500	18346	18345	18492	18498	18333	18348	
6236	18500	18504	18498	18492	18346	18502	18506	18496	29407	18333	
6237	26153	18700	18697	18793	28668	
6238	28116	33390	30147	29922	27509	30225	19344	28426	28150	28412	28417	
6239	18003	19440	37523	19441	
6240	11277	14127	10985	27419	30224	
6241	18393	18384	10456	10454	
6243	10744	33917	
6244	18271	18284	12004	18274	15689	22563	22562	22564	
6245	11490	21194	22272	22688	
6246	12715	33856	
6249	29298	27818	29407	
6250	18492	19294	14233	29407	
6251	10865	11963	
6252	36935	35610	10865	28465	
6253	36935	35610	36934	28466	38524	
6254	24794	
6255	14494	
6256	14239	40108	28465	40162	36668	
6257	18132	19344	20667	36935	33366	
6260	25206	12218	18504	22590	16393	
6261	25206	29643	27397	28063	24515	19770	12249	29155	20681	29898	
6262	40110	12218	
6263	29220	28116	25644	28313	
6266	18697	18221	18489	24385	
6267	33917	10744	22315	18539	11573	
6269	20841	20778	40008	
6270	10746	11919	20550	18277	24257	
6273	30591	
6274	32593	
6275	18492	18504	18336	
6277	18346	28432	18345	
6279	14140	27341	28668	
6281	37841	18003	17614	17995	25643	
6282	11223	30224	10985	
6283	12691	17985	17813	13123	12156	11438	11386	
6284	18504	29407	27493	18492	
6285	14503	10715	
6286	23922	18003	28668	
6287	28668	14159	28343	15036	
6288	24779	17522	20667	
6289	18328	27025	
6290	40110	28116	29860	29868	30001	27735	29845	29968	
6291	29845	27960	28829	27528	29995	20780	29868	40110	30001	
6292	25643	37841	
6293	27419	19969	
6294	28336	28426	
6295	27962	28357	28150	28358	30147	37091	
6296	28116	28357	
6297	18339	
6298	28357	
6300	14127	25643	37841	
6301	23412	24639	23324	30103	37566	23928	40290	23132	23184	23629	21557	
6302	30224	14570	10985	17614	
6306	11947	33910	17150	31705	
6310	12240	
6311	17817	17386	12520	
6313	17613	16369	23980	
6314	13174	23263	17308	14514	
6315	13730	13384	13472	
6319	13472	15775	13384	13730	
6320	13302	14527	10945	10662	11168	13230	10573	14555	14000	10900	
6321	13730	13384	13472	
6322	15968	11753	
6325	10427	14522	37357	
6326	15434	29617	15425	14521	19546	
6327	32233	
6328	32900	38679	41348	36550	33322	
6329	34996	41023	35653	37644	15556	38547	38788	14164	33290	23170	16144	
6330	16144	15675	36800	36153	17456	16145	
6331	15425	36873	15040	37570	
6332	29617	12072	32995	32144	
6334	13878	13868	13179	13932	12937	17072	16930	10662	
6335	29103	29101	27213	26420	29095	12760	23693	23312	18837	26018	39001	
6336	37051	32565	13877	36821	33596	16453	33594	36871	23354	23926	
6337	32565	39296	25397	36724	34037	18286	27239	25420	32635	
6338	15453	15425	15443	
6339	15425	15453	40207	37519	15427	
6340	27044	23545	25397	23370	33125	23538	10896	32635	
6341	14838	36873	36701	
6342	13522	19994	13317	16564	10703	19831	
6344	17497	
6346	23400	30741	18223	30737	22359	
6347	29490	30371	27206	30155	10949	27899	30138	11071	27021	29656	
6348	12445	12855	10949	
6350	39907	33185	
6351	19646	19735	19658	19728	19736	19370	19737	19632	19687	
6352	39907	37235	24513	19632	41126	
6353	37129	17648	37159	36522	11855	10405	
6354	29830	37369	37524	40833	37598	
6355	29645	14559	37598	30375	30805	37524	28381	28109	
6356	12661	10905	11732	10921	11686	15854	35612	22786	20611	
6357	16594	
6361	13345	
6364	34404	20667	10339	10307	
6370	10491	
6373	19111	19109	
6376	41154	38247	34703	
6377	33390	32789	31181	23655	40461	30225	20308	39173	
6379	27817	25743	26227	25327	33390	30111	17910	28877	
6381	28465	
6384	12014	12981	28116	28465	13124	11921	28400	14189	12507	30183	25228	
6390	25009	
6393	27021	24516	10484	
6394	20069	23169	25705	
6400	28109	21194	28223	40783	30125	28336	30223	23992	
6408	40110	17910	14208	25565	12134	13372	27817	33390	
6409	14415	20667	27425	12076	28426	17244	28336	27422	27490	
6410	27021	
6414	11568	33341	
6418	37804	18539	19939	
6420	18539	33917	37804	22315	28855	19262	18489	
6421	28754	24640	23169	
6422	22237	27929	28665	
6423	28665	23922	
6425	31096	10333	14714	
6426	35794	25743	
6428	18707	22283	
6430	35794	39462	
6432	12446	10677	40762	40110	24011	10784	11564	
6433	17996	
6435	24749	
