4457	11798	19840	12218	
4459	12231	
4460	11790	12234	12981	25644	14628	
4472	40989	
4473	18539	12231	
4490	25644	
4501	33372	23408	15007	12231	
4502	18539	33865	10744	
4503	37475	39609	39608	41191	40892	18539	31775	19506	31133	
4505	33917	18483	11478	24419	
4506	29697	
4517	24046	
4518	31086	
4521	14601	14558	
4522	14221	14601	16823	
4523	14103	14221	
4524	34245	32602	14083	20273	23279	25697	34556	36612	
4525	34104	10450	13208	
4526	16782	34555	18016	20347	10701	
4527	19752	10469	29645	28109	36144	21977	19812	
4531	24775	14529	14558	
4532	12126	
4549	11532	14956	
4556	40783	
4557	14554	25643	
4565	11469	12136	13524	19545	13521	14628	13600	12704	
4566	34791	22408	34649	33782	
4567	17676	17677	
4568	11777	39296	35456	21768	23858	
4569	10900	
4570	37035	
4571	10693	10812	
4572	10453	
4573	11438	
4582	11491	14619	26195	11621	36717	
4584	24095	27584	
4588	12246	12448	12095	22237	
4589	19563	20246	23152	23290	26733	
4590	17977	33326	18136	18041	26831	
4591	14622	26825	33326	
4592	10307	17982	17933	18014	23152	17351	
4593	17351	26825	14159	33326	32340	22440	
4598	27755	14207	40164	12383	13121	11634	18677	39630	
4600	37038	36044	17658	
4601	36423	37716	20351	
4602	31118	17916	22324	26197	33326	
4603	20103	36046	10338	
4605	14066	12160	10321	14166	14527	14563	14002	
4606	23296	39527	33891	11445	
4607	16807	16473	16757	16764	15479	16476	15161	16562	17054	16173	15915	16321	13808	37001	
4608	17997	17953	31118	14159	18000	12099	
4611	28754	
4617	16489	
4623	30706	30237	18535	20841	29375	29384	20778	
4624	30751	28640	19428	
4625	19353	
4629	28215	12825	11724	30793	40620	34907	11725	32148	12983	
4634	32480	39058	
4635	40358	16910	40371	27247	29534	32977	21457	
4638	18935	
4639	17704	18302	18309	18299	18296	18297	
4640	18486	18485	16395	
4642	40716	24206	24084	40033	13350	17550	
4645	23922	
4651	30486	33865	
4655	12156	11386	11438	
4656	12028	29911	11585	33890	11386	28213	17126	14628	
4657	35590	
4658	35977	27232	34968	33770	34909	29520	35121	34901	
4662	38547	26109	39684	
4666	27755	12691	25478	10756	20720	12432	12197	19183	
4668	13240	
4670	39285	40685	
4671	37756	
4672	20359	36646	37137	23877	34013	19976	39538	21592	21691	17846	10546	
4674	29391	39376	35234	12294	32733	23369	
4675	37677	11531	40219	37802	40221	10553	
4677	37940	33869	12292	15304	17217	
4678	38742	
4679	29391	29421	16588	39377	34835	12283	
4680	35031	34824	38828	31316	35048	23778	
4681	21777	10307	23372	12634	12636	23030	
4682	13879	39290	16190	
4684	35420	36895	31278	
4686	11771	24778	12911	11798	11350	13058	12979	12208	
4687	18685	39332	10487	38290	37653	30539	38844	19855	
4690	34404	15815	21533	33217	36937	23338	10638	
4691	29911	13313	13265	11924	10715	24064	12028	
4693	20130	33873	20222	20664	23427	19969	23896	20266	33898	19902	25681	
4694	24009	
4695	10563	
4696	13247	
4697	18271	18274	12004	18284	18153	22563	
4698	12762	22863	20938	13131	24018	17113	23896	21873	23944	22268	
4699	13550	16221	18672	18661	18763	18807	33864	18775	18655	18739	18858	18657	18766	
4700	18763	18630	18878	13552	18782	
4701	12762	
4702	30350	38092	37807	38111	37877	
4703	38022	28444	28439	38496	38494	28437	38127	37658	38092	38115	37747	28592	38134	38501	
4705	15358	12691	13155	32148	13169	
4706	13245	10961	17750	10703	
4707	25652	37276	37106	40112	
4708	16156	15203	
4709	36969	15403	29797	33555	31968	23575	17576	13345	40950	
4712	37842	27702	
4713	24779	24778	24777	12807	
4717	22442	24808	
4719	24778	24779	14619	
4720	13043	
4723	24778	24776	24779	24777	
4727	21050	34404	17416	40597	23764	
4730	40732	
4731	18626	14556	
4732	36191	36127	38326	39421	37783	39294	40538	
4734	38906	
4735	38254	38906	36612	38954	19948	
4736	19632	23640	38721	19518	15450	38708	24926	13565	
4738	19831	23459	19479	12842	21766	
4739	23640	19487	10855	19518	17707	19505	10875	19501	19562	21720	
4740	19831	32931	36102	38708	31278	31384	19832	
4741	18082	21431	13975	26065	37214	39248	26676	40288	21444	33229	33614	37507	21075	
4742	23669	11891	17238	23631	
4743	11735	12834	36102	36083	26666	21277	
4744	34233	34359	18063	23836	20386	19987	39336	12577	31338	37199	34192	33303	37178	38612	
4745	21050	12580	10562	12577	31384	33229	32931	22014	21678	
4746	19831	13750	11093	
4751	29049	33828	14414	32586	
4754	39000	
4756	29105	26423	27043	22340	39252	29104	18516	32904	34537	36334	
4758	10858	10804	25218	20246	14044	
4759	11977	10880	10388	27851	11052	26082	11709	11293	11047	
4760	11776	38452	11414	39562	24044	24508	37101	37015	
4761	20054	27810	36241	29853	37480	27911	36057	
4762	37357	23371	
4767	17556	25130	19387	13073	14191	15232	24777	
4768	12691	10654	10756	11386	11437	11018	
4769	33390	39462	13026	37091	19316	17910	19302	
4774	31186	37620	38778	38112	37523	38790	37824	38212	37532	37521	38807	37463	
4781	37622	38800	32216	33489	33174	32198	36061	20142	41023	37465	39165	
4782	33489	37849	19584	38790	36130	23918	33405	38233	37576	33491	
4783	39555	21743	25692	36455	36965	37012	23437	23850	29441	40697	23440	36597	23438	
4784	37521	29161	17846	38778	31186	26290	37749	37523	37532	38156	11219	38714	38744	
4785	40682	40422	40685	
4786	36116	36334	18936	18516	20685	37622	22062	38800	27250	37112	
4787	17485	18226	18250	18225	36965	25434	21743	23440	
4792	14495	11685	
4795	11660	24106	10491	
4798	25314	27816	
4801	24106	
4803	19224	26195	28668	33903	
4804	20667	40783	39605	32619	30125	17217	39153	
4807	30747	
4809	32660	33922	33929	33935	33945	17711	32297	
4810	16349	17817	40200	24036	
4811	37518	36930	
4812	15543	
4814	18105	29617	36423	32198	17578	40373	39691	
4816	32811	35745	18549	35594	36700	23415	23850	15880	31940	19966	
4817	35777	33818	32832	40904	
4819	17351	
4821	29065	
4822	15296	23753	
4823	35535	32884	
4824	18223	38463	11776	32576	27534	27540	13560	
4825	11414	41194	11776	38893	39567	40836	37101	23499	38781	36644	
4826	31568	36311	24182	37723	
4827	23248	32576	26676	23782	34805	19003	23951	11365	23927	
4828	39090	31908	21504	41040	22038	31315	33177	16653	
4829	33106	21504	33669	15970	37230	31315	
4830	11083	
4831	33869	15952	
4832	15162	17032	
4833	15607	16833	
4834	15933	12294	17001	37619	34303	11167	13352	16175	
4837	41353	17985	33661	36601	28309	26667	11083	
4838	11947	37653	12239	38841	11798	33920	30108	31118	24171	
4839	25695	19916	
4840	23349	38817	14132	
4841	12025	12096	38211	24881	19186	
4843	37749	37406	38911	37868	28348	21775	40714	20388	37748	41240	21747	
4844	37983	41199	39315	
4845	39285	17846	
4846	37677	33519	
4847	37975	18665	29553	38038	
4848	34913	18116	18663	18665	34914	10545	34901	17577	
4849	32675	39194	39193	24969	38648	24913	38234	
4851	41347	36063	
4852	41276	41155	37434	41076	35919	
4853	23838	36779	37543	35438	24044	
4854	39327	38307	41352	38811	39188	40956	37251	37370	23328	
4855	23843	
4856	33870	22408	
4857	38247	
4858	38956	12567	37317	17995	17614	39657	30224	
4859	11061	12565	12898	
4860	37713	37710	17614	11003	
4861	15828	40821	41279	22280	12664	12200	13778	36800	10571	14515	
4862	12526	
4863	33649	33045	
4864	23921	22943	24691	39579	23316	22612	23440	35979	37576	33906	37544	
4865	35626	16054	34021	35246	12825	31970	34970	35433	32932	
4866	37783	25602	13859	36127	37498	40814	37922	33502	37890	36178	
4867	10359	
4868	21764	40714	38418	13015	39406	37406	39661	25880	27055	
4870	38247	23400	23132	
4871	37561	12096	17095	12025	23836	18016	
4873	29553	29536	38957	
4875	14415	17817	12197	12520	
4876	41289	18228	40829	11100	12788	
4877	41290	40829	40658	41289	40202	18228	18219	31125	33279	
4878	36131	23872	36827	11855	38946	37159	
4879	18060	14081	11100	12950	
4880	40341	23827	36330	36522	10961	23924	39660	11100	19947	31568	
4881	14083	13662	14079	13248	18173	14132	41277	29089	40554	
4882	37357	37522	37826	
4883	23391	23395	37756	
4884	37802	35895	40221	39626	11531	39568	39285	36969	
4885	14011	16368	17750	16383	16336	13902	27260	
4886	14415	13847	40540	
4887	14030	24886	36612	13726	13930	38254	11625	
4888	32759	31602	11804	13248	17185	
4890	13352	33492	
4891	35441	33661	
4892	17835	
4893	17658	41289	40658	36131	37056	
4894	31495	
4895	11293	11977	11709	
4896	36639	36457	35914	38781	12143	36476	35902	40798	37101	39660	40448	33794	
4897	39426	36862	38915	39609	39410	
4898	17994	39624	13352	37370	40699	39625	22054	21457	33546	
4899	18107	31987	19985	12494	12788	
4900	31987	33697	18228	19986	
4901	12096	18107	10693	18060	
4902	13248	14083	11648	12797	17577	33661	15314	
4903	23371	30465	34206	23299	21496	
4904	38196	24690	35191	12294	37619	34303	16749	
4905	11069	12666	38952	15349	37316	
4906	21782	12634	12636	11843	21777	39294	
4909	14798	20626	30740	14801	21977	22216	22188	21600	
4911	11014	
4913	39490	39462	
4917	39528	17813	17995	12106	11081	39530	11153	13598	39537	
4918	39285	17846	
4919	17133	
4920	37452	23349	38923	38788	23375	41243	11162	39568	
4923	25510	25509	25657	25594	26160	25785	27679	
4926	14420	
4927	25509	10985	25510	25672	25594	25785	25695	25657	25667	25694	
4928	11521	10985	13073	12218	11386	12691	11798	
4933	24779	24778	
4934	14495	
4935	24881	12096	10333	12025	
4938	13115	
4939	12185	11993	11992	13482	22414	11027	13467	12841	14835	
4940	12467	10949	
4941	22346	
4942	17625	40714	17795	23972	36423	14164	37393	23146	38088	17615	
4943	11771	10715	
4944	13372	10877	24708	
4946	19613	
