1401	16238	
1402	17613	
1403	39633	10779	29992	13151	22940	11734	20199	
1413	19230	24035	19161	39115	19689	39397	36769	
1414	17306	
1415	16692	
1417	33295	36877	39688	19228	34368	
1419	26862	15198	16455	32309	17512	38211	37743	38884	38978	39167	
1420	37561	21753	15865	
1421	33476	11901	
1422	33166	
1423	12370	39526	38230	39527	
1424	34520	34508	32628	34510	26065	21114	34920	
1425	31908	35048	38547	35031	34824	23501	14311	35030	
1426	40899	36795	19689	36662	19091	34368	19170	40684	36830	19152	
1427	30406	18548	17470	18620	36138	
1428	29391	32816	32681	
1429	31303	32087	38882	39129	39073	32659	
1431	31329	16695	27258	
1432	16054	39376	
1433	12825	11724	12603	16574	19104	35234	34021	
1434	21501	21605	32286	22387	12823	
1435	21780	13832	
1436	12587	13874	21223	21281	15393	32448	21114	33669	21112	21466	
1437	34193	34182	34164	34191	
1438	37735	38088	41334	37713	37524	39854	39013	37612	35103	37733	
1439	27329	29402	28992	27327	26360	29403	26772	29410	26997	29199	26023	27034	
1440	37591	24726	19745	28346	33414	19746	41265	19714	37478	
1441	41195	
1442	15629	10379	15612	18809	10884	15610	36534	30470	16441	37218	16439	19138	
1443	40932	41062	37397	41060	41192	39257	39251	39013	39035	
1444	37287	37316	24680	29366	41062	23302	
1445	23617	41096	41062	37890	41060	37815	41313	41202	35912	39543	37287	23614	
1446	38234	37524	37131	41270	13076	38537	
1447	37463	37397	41062	41096	38055	38236	41205	41122	41079	41209	41202	41060	
1448	37631	37463	37161	39251	37711	37316	15349	40358	
1449	23302	16718	23326	23794	
1451	39688	34368	33295	19117	18961	40831	19091	
1452	17509	23441	
1453	22596	22602	30463	
1454	32694	
1456	20263	23328	
1458	21283	
1459	35156	33762	21220	23948	
1460	23228	39153	23483	
1461	18174	18165	17841	
1465	40817	17770	
1466	17770	15926	
1467	23467	32402	35284	33607	16324	
1468	17637	15420	
1469	28251	24787	30793	12762	24772	24351	21873	23920	21958	28109	
1470	17497	38939	
1471	32419	34019	16144	40621	33784	
1472	16367	15355	11447	12368	15517	32807	34538	
1473	32837	
1474	40079	24266	35160	31685	33259	37465	37622	36032	34949	
1475	30051	17490	17774	33492	15843	
1476	13240	
1477	16693	15830	37522	36442	17813	36732	36730	14094	14204	
1478	10777	13571	14520	15968	15347	31054	19847	
1479	36395	19133	19603	40831	39688	36680	36085	39397	36375	
1480	36395	11796	41263	10981	11832	
1482	32952	16710	16319	
1484	37417	38875	39149	32890	40639	33440	24841	29088	
1485	36204	40503	36323	
1486	15339	
1487	35956	13101	
1491	15339	15346	
1495	35959	35850	
1500	32157	
1502	18276	
1503	23578	33428	
1506	33428	
1507	12638	
1509	12638	12640	39049	
1510	12902	11788	
1514	10446	12302	10447	10448	10635	
1516	24977	15339	23866	24978	
1518	39048	
1519	10448	10315	12147	10446	13814	
1522	11443	
1524	10446	
1525	33428	
1526	31403	
1527	13814	10448	12302	
1529	35958	
1534	15346	
1537	18226	11761	15346	25748	
1538	11761	
1540	35959	11795	
1541	16911	
1543	16946	33951	35553	
1544	35959	
1545	15346	15339	
1547	36217	13814	
1548	35959	
1549	15346	15341	15339	
1550	15346	13814	
1551	35959	11795	40655	12907	
1552	11788	12902	
1554	10913	11788	
1555	19397	39048	
1558	35959	
1559	11892	
1560	39624	39580	18200	37779	17813	
1561	36110	11682	12834	12795	12618	40521	10924	22044	
1562	37135	12908	10906	37477	37133	32687	12907	37285	36659	
1563	27654	39596	39094	39396	39414	22940	39515	16317	29521	37417	
1564	17500	16742	
1565	17123	
1566	10448	12147	38797	10315	
1567	17637	14570	
1568	10505	21757	17163	15310	
1569	18174	
1570	12655	36347	30051	
1571	35667	
1574	12156	10286	
1575	19144	34561	40684	19170	19214	18995	19600	40856	14244	
1577	30610	41106	
1578	19170	19091	19689	36795	19076	19172	34368	19745	
1579	14225	20684	23959	22562	39117	20660	33328	20686	20262	20674	21195	23809	
1580	33663	38709	29778	12053	29777	37170	
1581	13177	11093	10563	11851	11647	13298	12947	13261	11202	11237	
1582	12732	10800	14835	
1583	13129	10703	11634	13519	29911	14835	40164	
1585	24886	17261	14700	14308	13317	14002	
1586	24886	36612	38254	12184	10332	12182	19831	
1587	40681	40684	34044	36202	19689	19091	18972	19170	36857	
1588	27534	27540	12197	17985	38708	14034	10756	19916	12520	14831	
1589	10756	12691	14628	10688	
1590	14628	12810	20667	28344	12704	
1591	13177	24879	12947	36991	12580	37215	20286	25805	14835	
1592	13094	11292	11976	14002	13679	11354	22440	11978	13968	14177	
1593	31118	11412	24808	11385	
1594	19185	36856	19091	18963	19172	18961	33433	32790	37015	19076	34368	
1595	27419	16009	12425	12670	
1598	19173	19689	
1599	19689	19091	
