5783	23980	33985	
5790	24547	24569	
5793	35590	12278	
5794	14527	17161	14066	14563	14306	13480	14700	
5796	16196	13525	15511	39118	
5797	21780	19874	39125	16359	21556	34200	
5799	28215	
5804	25929	29629	29006	26153	26155	28997	26184	26497	28242	26908	30008	28992	28892	25907	
5805	24516	24345	24338	22307	23132	24232	24520	24505	24108	24258	33917	24702	23129	
5806	16348	
5812	16039	15940	17572	37897	12711	12708	15419	16038	41001	13861	12252	
5813	39462	18015	11759	37091	33927	33392	33920	
5814	30515	33602	
5818	40395	38547	33732	13845	11901	
5825	11994	27646	38265	19739	25685	40756	
5827	23902	
5831	33927	33920	25685	32374	32339	24410	
5833	41191	
5836	33877	24326	11490	28665	18398	
5838	28668	23922	24772	17997	14159	30109	
5840	24410	23297	30456	38228	21780	40387	
5841	21780	17217	17263	40356	40406	39222	
5842	11759	39594	33920	33927	25685	24640	30754	17916	12072	
5843	24008	39315	15377	40863	37085	39312	24014	17276	
5844	40694	37531	16196	
5845	39916	23033	17215	39397	23220	39842	29087	
5846	10903	39907	19716	10923	24120	11734	20529	12832	
5847	38968	23575	10903	10923	37524	
5848	39601	16000	38254	17750	
5849	15059	39039	
5850	31174	31371	16695	
5855	35031	32221	35048	34555	35455	31943	35206	35217	35211	35226	27232	34908	
5862	30125	
5864	14635	25340	40937	26195	12392	28668	10491	12045	24789	
5875	16050	15419	17217	
5877	29711	
5882	15434	41053	30761	36677	38547	26394	
5883	37067	37417	
5884	39396	37524	41270	29521	22394	36085	
5885	40743	40817	35906	36804	36085	40856	19689	
5886	23948	
5887	29645	19812	39633	41199	
5888	16370	37067	
5889	27718	41095	24684	29779	35612	
5890	30223	12106	28214	14558	24789	
5891	32630	
5892	29197	23128	24108	39053	23376	22940	
5893	12963	21784	
5894	17482	34542	39182	16083	32461	37940	
5895	15427	37039	15425	36873	
5896	17086	32884	33761	
5897	40856	38287	37892	40684	34368	18961	19091	36877	19689	39688	
5905	14105	
5906	36265	21776	24241	
5907	38998	38845	
5913	31797	40765	37931	
5917	13861	
5918	16000	15885	23972	32317	36490	
5920	38875	29522	38721	37417	38957	
5921	37417	37184	39606	39685	39596	40639	21453	38875	29084	36830	
5922	15833	39285	
5923	37467	35947	29187	22212	
5924	14145	38785	
5925	25461	13989	11804	40967	16683	31602	
5926	35470	40215	17595	12783	23800	13266	20717	
5927	15040	
5928	17750	13793	14011	17677	39602	
5929	16332	19689	
5930	41099	
5932	12566	15325	13836	30049	41099	28349	
5935	40307	
5937	23496	
5940	13842	39825	22346	19093	39830	39826	
5944	15978	26846	
5945	15978	37038	17658	31509	31123	26676	41289	
5946	35416	35319	
5947	19546	26581	12842	31278	11235	36256	
5948	12288	33217	20304	34404	20307	14850	11235	39204	
5949	37440	32218	17276	24014	39204	10638	33555	
5950	24206	17213	27687	36474	23915	36462	30016	38232	27654	39162	
5951	10365	17688	32243	34672	39513	40473	11167	39508	15933	33075	
5952	36609	28321	36573	
5953	18035	38808	31271	14628	
5954	32705	30223	
5955	37155	10942	19812	32576	38728	14958	39671	39526	17994	19971	
5956	14082	40557	35984	41014	37251	17645	
5957	40521	39671	37251	23644	35950	
5960	40521	17645	23960	39671	40705	19078	
5961	15445	23644	23784	39671	23436	
5963	23898	34108	36640	36612	41177	23924	
5964	13806	15832	36845	13244	13406	11070	13522	
5965	34182	35060	
5967	17876	
5970	18031	38305	31541	15169	23079	15377	39484	15383	23087	39661	
5971	13261	
5972	23258	39671	23909	36730	
5973	21754	21062	
5975	20749	36062	39014	
5976	13186	21283	17940	17506	21351	11198	38537	
5977	15797	15830	15757	17985	
5978	10703	11014	17651	16981	11594	12368	36420	11810	13149	
5981	11017	13235	19152	19821	18931	14261	
5982	15876	
5983	13352	15852	
5984	39088	29536	27232	33004	18204	10695	17995	
5986	23422	15517	23898	34471	36689	17595	
5987	14151	16220	
5988	14709	13472	14168	13384	13683	12457	
5989	24882	
5990	13730	13472	
5991	11093	13044	11851	13791	13862	
5992	12001	11084	12937	19916	
5993	12002	11083	31384	
5994	12003	12004	40896	38254	36129	16861	36239	
5995	23618	13370	13662	
5996	34475	14516	37716	
5997	34217	
5999	12622	16242	
6000	23296	13347	23155	23170	11016	23231	
6001	10395	15841	32499	32218	13896	
6004	12117	18487	
6005	11891	17937	
6006	18051	15952	33546	16580	17058	17056	
6007	22065	29526	19812	38386	39558	37678	15302	39640	39414	
