6442	35696	
6444	14935	17784	17770	15926	
6445	12272	10662	13024	11619	10531	10922	14216	
6446	14002	14212	10937	11432	14220	
6447	14416	14704	14002	14527	14306	14066	
6448	14550	12893	14600	
6449	14220	12072	12005	11217	14306	
6452	10962	12893	14550	16192	
6453	14554	22431	14775	12072	
6454	18952	17490	23339	17750	
6455	11194	11890	37777	37766	38354	13211	35289	33294	38043	
6456	18952	18706	12021	23339	36877	
6457	12150	12622	15860	13271	
6458	14305	14701	14103	
6459	14305	14103	14701	13271	14703	14420	
6460	14559	30087	14166	
6461	14550	14554	14478	
6462	11421	10790	13119	14104	13211	18675	18937	30055	
6463	16192	14559	13503	
6464	17974	35909	13082	12240	17248	
6465	14166	14304	14066	14704	14554	
6467	15832	
6468	16580	16583	17603	
6469	35176	
6471	16749	31907	10440	35101	25952	35634	
6472	33897	15140	18581	34552	33699	32281	33499	39088	33210	39086	32586	31937	
6473	10440	12531	35574	35101	33703	38797	
6474	40216	16749	10440	
6475	16749	10440	35101	17548	15375	36012	25952	15468	10637	
6476	22031	17443	13283	
6477	18016	36689	16749	38797	24690	
6479	16749	17461	35416	17549	37619	32725	38797	17120	
6480	35416	37619	32725	36689	35752	36825	
6481	35574	35115	17718	13798	15518	15521	
6482	16749	17467	35416	17457	
6483	10431	12296	15078	23575	32218	15551	23338	
6484	12294	10440	23146	38260	37619	26093	23483	
6486	15309	16499	16332	
6487	15951	33914	10693	24690	36689	16588	15203	
6488	14127	14515	14570	15475	15045	17985	14415	14447	
6489	14707	10776	10348	40110	12216	28412	28417	
6490	10333	15497	
6491	12240	
6492	17032	14151	24882	15354	
6493	21415	24251	32586	34951	12783	24019	13248	
6494	10333	33784	16220	18199	
6495	12383	21566	37437	23606	36057	16220	29617	
6496	21137	23606	41174	
6497	14095	14204	14563	14002	
6498	22340	33053	17008	10961	
6499	12843	25805	12947	
6501	12928	10333	11811	
6502	16220	
6503	14147	16833	14566	
6504	17407	15584	32218	15585	32995	32659	16181	33288	
6505	34229	16583	15429	16280	34279	33205	
6506	16583	34229	15933	32603	13347	16494	32316	
6507	38595	17424	15253	
6508	32304	15140	31891	31384	16543	12383	11476	
6509	17291	
6510	15782	17567	16976	15785	16644	15786	
6511	17567	15903	16644	15786	
6512	17567	15782	16814	16644	15903	
6513	32576	33077	33190	31891	
6515	10322	17609	
6516	17055	16675	16493	15052	16335	15480	10404	
6517	38708	17330	14135	34814	34791	19839	10976	
6518	17762	
6520	37181	38912	39291	39286	14435	40164	
6521	11390	16286	16666	18626	12252	
6522	12160	11675	
6525	16241	
6527	31248	
6529	32663	32306	32396	39526	36421	36677	37199	
6532	17699	17675	10844	33781	
6533	10842	11644	10888	23881	19180	11714	
6534	39506	38547	32962	22351	37711	
6535	16241	10889	
6537	12767	
6538	15351	
6539	17482	33075	13352	33546	17056	16170	14563	12083	36995	11195	
6541	14100	14304	17163	
6542	38925	13129	17813	
6543	19839	10976	34791	11792	12482	18960	
6544	17676	15941	17750	17677	16535	10322	17788	15560	
6547	28377	40387	30173	37716	37491	23330	
6549	34887	33609	13397	15531	15889	16894	15905	
6551	38567	37631	33903	37620	37378	26087	30375	23482	17182	20726	39836	20584	
6553	27584	18015	33932	17972	17958	
6557	32698	31921	15077	17576	34404	
6558	38547	11901	15580	11205	
6561	12316	
6562	35696	
6563	17330	40910	
6564	38711	
6565	41353	19839	
6567	22358	
6568	13410	17750	35158	19839	11500	16941	
6569	16029	40852	15473	16578	16809	18214	16762	16764	15479	16476	
6573	13862	17750	
6574	17683	14308	13798	13852	
6575	11719	35664	16000	17057	12820	
6576	14308	40200	13370	16953	17667	16783	13467	
6577	35631	22501	39010	
6578	15755	16336	34658	34654	35308	35020	35112	31731	
6579	35115	15755	33656	34654	36101	16307	12913	35148	
6580	15756	15777	32461	16297	16562	16493	17496	38889	17482	
6582	17985	15794	38874	16358	17813	15815	
6583	17083	17499	33790	18107	
6584	15757	15777	14065	15809	15813	14066	15775	34902	
6585	15757	15813	15777	
6586	22501	12182	15751	20367	23574	15758	16392	
6590	14147	
6592	13793	16714	13787	11674	11093	
6593	32653	10833	
6594	16311	12294	11744	16749	17044	16029	
6595	23948	11652	12900	33933	13622	
6596	13843	22408	39153	
6597	18211	39624	39580	
6598	17684	17750	17677	18171	31955	13370	16190	
6599	16695	38788	
6600	35953	36912	40835	40843	32250	36913	36288	
6601	16144	17588	16077	10395	15841	23612	16052	15933	31607	
6602	17256	21540	16865	21568	15478	
6603	32634	17001	16575	32918	15448	17490	
