1690	26735	25293	25283	
1691	11644	30426	30434	
1692	10458	11350	
1696	30464	
1698	26568	14496	
1700	41199	38950	23332	41265	23507	37524	39670	38055	
1701	36973	37127	13622	34245	38547	15349	
1702	34555	30049	
1704	30180	19733	26493	
1705	27479	
1706	31775	23920	
1709	22002	21994	21844	17969	21998	21865	22006	28759	
1710	20017	21160	30193	20784	21956	22216	18298	24351	30451	21958	20226	30315	
1711	30882	24772	29645	23920	30805	13156	30223	25042	14502	24640	14559	
1712	27411	22436	25341	12072	30310	24789	18354	24214	14193	24640	29815	
1713	24647	24214	19521	25330	25518	26734	30326	29626	37591	
1714	10756	
1715	11469	10756	11771	15437	
1716	13148	38727	23296	12379	23290	
1717	12577	19987	38347	31144	23212	23448	24879	28237	32614	
1718	10620	25688	29393	26861	36696	16140	13006	17521	32376	
1719	29384	30406	27044	
1722	34281	
1723	16119	35385	16534	16097	24683	
1724	16564	16336	41207	31898	15822	
1725	26619	26959	32145	37763	29660	
1726	33822	33627	33867	29043	16925	34437	34413	34414	32382	26867	29069	33915	34113	
1727	32546	26867	32382	33867	16787	34437	16437	16645	34413	
1728	25842	12774	11042	13719	15197	16455	26660	
1729	23318	23445	34709	
1730	10872	19549	26246	13417	18846	23428	14135	
1731	11756	35157	15287	19186	10800	
1733	25677	
1734	19549	23671	23031	
1735	36911	
1736	13006	15730	11161	10843	13014	
1737	34484	13006	
1738	23445	23318	21615	27272	23431	21742	13822	29558	13796	
1739	17615	37124	26093	37491	23641	21755	25690	38254	39309	34648	
1740	15742	35156	23871	36509	30414	17716	13305	32306	
1741	38968	11062	10450	
1742	12285	23616	11001	19563	37445	
1743	32919	24691	21766	21762	
1744	11052	32675	33611	39088	23731	23581	35421	10647	15539	13459	39841	
1745	31418	26105	34922	35156	17419	34920	
1746	34416	17419	11083	34435	16771	34454	34417	34086	34415	
1747	40508	35737	
1748	23445	17578	
1749	15832	
1750	41102	12025	41142	41166	17499	41138	41156	
1751	20707	38708	13208	38727	13091	12842	39996	14232	
1752	32199	32407	35284	32634	32756	12020	33557	32238	33190	23568	23792	
1753	17817	40797	31987	36700	22472	13264	
1754	41359	10647	34025	17104	25825	33229	16782	
1755	32259	40852	40267	31590	20348	21440	12021	
1756	10278	16029	11040	15047	17742	
1757	14415	31384	
1758	32244	32671	33693	13847	12834	32887	10924	32586	11682	33217	
1759	15174	16592	18279	23631	
1760	24084	11083	
1761	14415	17995	14127	13151	
1762	20662	20266	20693	20262	20228	23378	22562	20229	
1763	13131	19780	19969	19993	20222	15035	10462	33889	
1764	17664	31248	16241	17699	
1765	15294	14147	36973	37071	23350	23618	13878	
1766	15742	33869	32586	25106	15522	15078	
1768	33206	15445	
1769	15484	
1770	19549	23347	37197	37178	20148	20685	20365	
1771	33107	39112	38779	38916	38924	38948	38970	39041	39160	39208	39214	39529	39641	
1772	34404	33217	23575	32255	39398	
1773	35504	37393	35931	16966	32962	37022	33869	
1775	18050	18174	18161	
1776	12095	18135	25310	12324	26568	
1777	17916	31118	12072	14159	33927	10487	22431	33920	
1779	19585	10756	10937	25676	30540	23617	25292	38721	
1780	15865	
1781	33207	32461	
1782	15263	20348	17742	
1783	14147	10886	
1784	23415	
1785	16156	12522	16417	22956	29536	10505	
1786	33705	22408	32538	39153	
1787	16492	17653	32634	33190	23467	
1788	21678	17990	34510	
1789	12962	23244	17702	23146	36433	22504	31248	40813	
1790	17025	
1792	34920	35159	27665	35933	23496	31278	32758	
1793	10307	
1795	16176	32453	25805	
1798	11117	32635	12823	31447	29391	26082	
1799	13701	11874	11178	
1800	16032	10609	12296	17479	
1801	15747	32286	
1803	10389	23735	20342	20353	12293	
1805	23371	22408	34147	
1807	17916	25685	17933	10487	11189	33927	12217	10936	18131	24764	
1808	15519	15245	15517	17716	17757	
1809	32407	16702	15162	30763	30046	16336	12020	16297	32634	15925	32847	
1810	30465	30764	30016	38242	16766	
1811	37447	20738	23903	37443	29050	13148	28383	
1812	18631	16029	14134	25420	29717	15294	
1813	20246	23242	
1814	14083	15314	23618	40558	37071	36119	23836	
1815	14083	15314	36119	
1817	37127	23618	34067	37862	
1818	16652	16455	13719	
1819	37127	23476	34698	31278	15624	12870	21529	39521	13827	
1820	16695	
1821	30180	25332	28383	
1822	29717	14103	14167	27848	
1823	11644	30183	
1824	28241	28142	29978	27959	30219	29893	38492	28435	29971	28173	
1825	19743	19456	25331	
1830	28771	30817	
1832	27929	28641	18924	
1835	14619	
1836	26755	26644	23096	29364	
1837	24089	30617	
1839	26586	29770	27709	40249	
1842	30602	
1844	28383	
1845	13140	38276	12810	24640	24304	10680	36953	17992	19739	
1846	24705	19810	20100	39120	19837	19958	20689	29522	19805	37706	24155	
1847	37566	29645	14492	24708	29989	19687	
1850	36930	37435	10351	
1851	10351	41349	
1852	30125	24775	
1853	14281	17614	37524	
1854	18241	12520	18240	19180	10743	
1855	12312	11411	33366	12416	10494	12278	14503	12134	11714	11403	
1856	18862	24684	37217	36534	12870	
1857	39206	
1858	35732	39621	40295	38428	37781	40496	40828	37286	36374	36708	37254	38936	
1859	39204	22365	40383	36930	23851	31972	
1860	15393	16291	32670	16458	11905	22956	12745	21501	16521	
1863	25605	14819	38073	
1866	25072	
1867	26629	
1868	22322	10337	
1869	20909	20544	20894	30707	
1871	13015	32789	30761	23502	39648	39187	11219	37749	36955	38253	27055	
1874	24949	
1875	26955	12336	26334	12334	13570	10581	27901	25615	12500	28012	25594	
1876	13570	
1877	12574	36835	12375	10556	
1878	16220	14125	13472	
1879	29623	25072	
1880	32066	33957	38556	39219	
1881	39533	
1883	38237	
1884	37566	39579	39125	23184	23412	41191	
1885	12426	22772	37392	31103	
1886	30527	23129	27248	37591	30528	30529	37903	38819	37885	14431	
1887	23184	18582	
1888	23324	12218	27333	22233	23208	
1890	18226	33856	18225	
1893	14270	40483	
1899	30583	
1900	38998	
1903	23324	
1908	39237	28868	30111	
1912	28668	29645	29717	19231	27411	22942	11490	24772	12276	
1914	19302	18015	19588	12134	22283	33365	19739	
1915	22590	19316	12231	13073	11798	12983	33912	12979	11878	
1916	11566	11472	12982	12879	11365	33912	14467	11760	32148	
1921	37702	23132	41191	
1922	25677	10843	37167	26557	11155	25687	37566	
1923	18374	18416	18379	18438	
1924	30090	39086	29742	
1925	30237	24188	29375	20819	29468	20845	33858	29482	24960	29603	
1926	12981	29652	27326	30147	26620	30183	28246	
1927	11949	30183	12981	17205	25228	14189	30564	21570	
1928	33865	
1929	33902	27692	41233	23911	
1930	29424	27321	29904	29723	
1931	27479	29723	29450	27141	29424	29449	29452	27321	29943	29482	28125	33397	29375	
1932	20851	20640	20854	
1933	29583	10286	27299	11963	13058	30183	29644	30564	12979	25228	30891	
1934	18486	30543	27021	25015	37944	
1936	12981	30090	27331	10286	40110	29652	32148	12359	30147	
1937	35956	11787	12901	10907	24996	39046	23648	33856	29957	18440	
1940	18416	18379	18381	28218	
1942	38828	35103	
1943	13622	30753	37631	13352	32705	
1944	38788	39558	38910	37746	37940	20597	37572	39398	37984	39271	17216	41177	39427	
1945	32450	13352	
1946	20351	32979	37452	33942	40827	21775	38546	21746	39171	
1947	33933	33942	21600	20351	40827	38969	27249	32705	29536	21783	
1948	14530	13954	
1950	36071	
1951	18360	
1952	38828	
1953	11067	11104	37211	11860	12971	33754	23916	36873	
1954	21444	41010	25075	22514	38819	24121	37233	40039	
1955	29853	37996	38777	37520	37630	37748	
1956	38743	37748	38816	39586	
1957	40725	19946	21771	21775	19997	38910	37749	19976	22335	36659	40466	
1958	38911	37161	40356	22335	33669	
1959	23386	22335	37868	29087	39148	41240	40725	21771	39553	
1960	28200	10985	28412	28417	28426	29561	28336	29882	
1961	40033	24206	21444	40028	38797	15794	23877	37462	17985	18034	32886	29774	
1962	40011	18288	39668	23578	23759	38984	39667	39458	20152	40526	36455	
1963	18288	38358	39367	23578	18120	38756	18285	25402	39297	40077	33124	
1964	21032	20667	35103	35159	17146	33977	25589	25694	
1965	37215	26581	29772	35472	26946	35675	26580	26706	40211	
1966	31341	31148	23431	20148	23545	33143	36153	23721	23549	18306	30521	
1967	39250	34660	24277	40871	38155	31942	33430	35159	33814	34178	19829	32381	26072	23552	
1968	18379	14226	12981	
1969	12841	28381	26581	27379	27759	28012	27055	31013	
1970	14890	13500	11684	11667	12918	12672	25618	11628	13041	
1971	11438	27534	27540	12520	19563	27375	19309	13123	
1972	36918	36644	40914	34390	36499	33752	33716	
1973	36919	37912	38386	40574	23814	19812	36899	36545	39502	
1974	36920	36899	36545	36771	13156	41184	34411	38562	
1975	36921	24678	14662	24684	33707	36418	23622	36381	36640	
1976	12900	37522	38788	41081	37827	
1977	37735	14485	36824	23660	13062	
1978	34822	34712	32044	34716	
1979	21203	23269	20285	23263	22863	23811	21867	20404	13174	22336	20229	
1980	20674	13460	20684	25478	19851	20228	22953	11704	19869	22285	20686	22562	20229	
1981	13526	
1982	21203	13819	21174	10961	15306	
1983	11704	20249	13174	20395	20266	20684	22894	23811	22863	12764	
1984	21615	23801	22188	24643	15833	12654	23445	23318	
1985	20268	23274	23313	23366	33442	21752	22409	23549	38029	23322	21617	23762	23497	23758	
1986	20269	23275	39381	36781	23612	39207	25959	23314	26417	21727	25068	20728	20281	33509	
1987	20270	23276	23242	40861	23579	40913	21740	23839	33260	40040	31342	23238	
1988	13819	23660	13522	
1989	13953	26753	11283	
1990	11687	11759	11404	11217	11913	12269	19733	11932	10937	12691	
1991	39250	18936	41249	19829	38155	19154	29057	33836	
1992	34179	34199	39570	23363	37440	21767	16718	24646	32218	21615	
1993	20740	
1994	28344	20267	14358	12076	19344	12070	11906	13591	27534	27540	13042	18026	
1999	31930	34709	33106	22408	34179	16942	
2000	20270	23276	23242	40913	20709	40861	12520	23839	21740	16190	12917	
2001	23277	20271	38711	37562	30049	23486	20002	21514	16454	23347	
2002	20272	23278	22408	23445	34160	29558	13796	23948	
2003	20273	23279	23421	23314	21508	34245	35475	34474	23757	14833	23671	36358	
2004	20274	23280	21526	21741	20649	23283	11981	20648	20651	37014	20191	21686	37593	
2005	20275	23281	23565	20371	20748	21620	20732	20650	20358	23572	21645	20188	22824	21652	
2006	20276	23282	21688	37594	21620	20191	23280	21690	20188	37014	23283	20649	20371	11401	
2007	20277	20191	20188	20650	20274	21620	20748	14609	21632	11400	14519	13102	23280	
2008	20278	23284	23928	10894	29089	35284	18971	23939	39296	23339	23353	36859	23577	
2009	20279	23285	10368	17417	20280	14257	20281	23654	22338	20383	20356	
2010	20280	20281	23286	15388	12821	23287	10893	11720	15096	15097	
2011	20282	23288	35322	14832	20360	21512	21486	20283	21513	15388	
2012	20283	23289	21486	23856	15388	21506	11024	11817	10894	16289	
2013	10457	11438	33782	
2014	38788	15931	23972	27713	11162	35191	20002	37175	
2015	20166	20190	22364	13460	13518	
2016	20683	34268	15306	13174	13460	21450	14514	
2017	21203	23263	41357	20119	19794	22940	22397	23269	34347	23809	25276	
2018	30740	30729	24777	
2019	11067	11777	16584	14958	
2020	11727	30716	
2021	20395	22268	17985	21867	
2022	13169	33093	31996	
2023	13989	31602	11804	14503	14959	
2024	36927	36609	28329	28296	13731	28317	36632	36635	28281	36572	
2025	36928	32157	36083	37580	32479	31890	36655	32880	33779	26676	12021	36455	26872	
2026	36929	36930	32443	35571	
2027	36930	36929	38601	30135	16531	38591	31207	17244	
2028	36931	37894	40946	
2029	36932	17537	34289	10852	33726	38387	39539	13598	27712	29166	
2030	36933	14321	31966	18529	26504	10528	
2031	36934	14322	35610	
2032	36935	29666	28426	28412	28417	27498	27490	20667	19344	
2033	36936	31418	32881	23544	18285	33059	37894	15869	17085	31564	32412	
2034	36937	31891	34404	17621	32244	33229	36083	31589	36102	32931	
2035	36938	40255	12540	40290	10628	11153	11117	12616	40852	
2036	39633	15294	38911	
2037	31418	12722	35460	29091	18173	
2038	15273	13268	17180	14274	15258	
2039	15243	15645	13362	16391	15878	
2040	16309	16273	31418	17555	15232	
2041	14321	36609	
2042	11682	20307	31602	15859	40268	39078	21086	14085	41359	
2043	35584	15047	
2044	16485	16598	13849	17079	33075	
2045	32449	21587	18619	29089	32479	18621	32450	19670	10689	33577	
2046	23614	23617	14131	38925	37715	
2047	35424	33186	17701	16231	21415	37135	33229	15276	
2048	14133	37720	15823	37841	14134	
2049	36918	36693	16317	32940	17450	
2050	38686	
2051	36918	15316	33218	16465	
2052	36918	33218	15316	16465	
2053	36918	15316	33218	34604	40914	16807	32586	17450	
2054	17100	15358	34427	16009	11746	17035	36520	
2055	25461	
2056	11804	15844	15843	16958	15851	
2057	18156	16958	15851	15844	
2058	33940	36359	33932	15860	
2059	13352	
2061	13352	20151	19987	
2062	35270	33916	38627	32625	37672	39504	36969	21798	38736	39088	
2063	32653	37244	
2064	36919	37912	23814	38386	40574	39502	19812	36545	38734	
2065	36920	36899	36545	36771	13156	41184	34411	38562	
2066	36921	24678	14662	24684	33707	36418	23622	36381	36640	
2068	16782	34028	37452	31600	34940	32624	31343	
2069	12004	17972	
2071	17700	
2072	12398	16354	
2073	15844	15843	
2074	15844	15843	
2075	31509	17658	13161	31365	31139	12930	39995	
2076	15884	15885	16771	16309	13352	
2077	13352	14897	17163	17217	
2078	24779	30743	24777	30755	
2079	10505	39285	14128	
2080	21203	23263	21174	40216	14514	20404	20228	20231	13460	13174	
2081	11328	38728	32871	13875	
2082	37803	11644	12979	13124	
2084	30035	
2085	25009	14504	
2086	25009	28063	19384	27020	27509	38502	
2087	11644	12981	12014	14412	10836	13486	29618	30183	14352	12456	13496	30475	
2088	27665	38832	11898	11365	29800	38825	19160	41131	14232	31115	12134	13010	14334	18774	
2089	26093	20361	32910	32565	33596	38940	27665	35191	
2090	13522	13843	
2091	31953	38254	21756	12952	11901	
2092	17292	18360	18379	10715	18374	18428	11771	
2093	10992	26568	13058	28116	11771	13071	11942	12979	29913	30035	
2094	19316	28883	11273	
2095	11952	11354	11947	
2096	33764	29089	32449	19002	
2097	31972	33767	11849	21646	34266	
2098	39556	35983	23851	10546	23030	22261	18608	21746	
2099	21746	21756	24225	20041	37544	39294	21777	39153	
2100	33647	39312	34607	15109	39315	31698	17276	16771	14132	39854	34520	
2104	11350	13310	10458	11438	11771	
2107	13310	12133	22440	33878	
2110	10351	17572	15920	
2111	37036	12622	
2114	29777	13208	37036	39626	
2116	16619	
2117	14103	14701	14420	
2118	14554	14559	
2120	11438	14153	15045	10900	29911	
2121	11532	
2122	33365	29800	11415	14420	29717	14000	
2123	11714	12416	10888	12006	13169	19733	
2124	30740	12264	11400	14502	11405	11397	28049	10604	12261	13104	14638	23280	
2125	11415	30183	29644	30073	19733	30040	
2126	30729	20184	14554	11550	22412	14166	28855	
2127	30040	17200	30183	30792	29541	
2129	20263	37317	20584	21566	39635	12312	
2130	11759	12005	12383	37518	22188	
2132	30748	18539	29576	
2133	26568	30164	30035	26396	25605	
2136	15005	21994	21865	22695	21903	22006	21886	21888	21901	21892	21896	
2137	26396	26655	26568	30035	30164	27379	30111	
2138	29960	27379	26621	26655	
2139	13001	
2140	24896	24898	24938	24961	
2141	28063	26396	24318	29891	27509	25020	
2143	24911	24941	
2144	24896	24938	24964	24961	
2148	19224	27929	14635	11917	30511	24789	11994	28754	10491	26195	
2153	26938	
2154	24896	24938	24961	24928	
2156	10992	22283	26655	30035	
2157	17200	11920	10491	12979	14136	14193	21194	12778	28668	14158	29494	11780	24789	
2159	24938	24896	24961	
2175	40926	26227	28877	40144	28223	39102	
2180	40492	35675	26706	18843	
2182	24898	24913	24905	24896	24957	
2184	40443	26666	30097	26619	28012	
2185	41030	
2187	35675	
2189	19868	26581	26697	13953	
2194	19868	24289	19316	30793	
2195	10279	10943	38896	37552	32585	17637	27534	27540	11223	38921	
2197	30035	26568	
2200	28772	
2204	33908	
2205	33920	33927	
2206	33920	33927	
2207	33856	30751	19262	12715	19472	
2214	29882	19384	
2215	26209	13156	
2222	38650	30754	25042	29717	14040	11759	
2223	33911	33782	
2224	39053	26561	
2225	14588	28855	
2226	14420	14103	
2230	24913	24957	24905	
2231	34178	26638	26423	26946	34079	12115	26619	23551	26861	15621	40491	
2232	24905	24898	27534	27540	24957	
2234	36877	39553	38466	40338	41155	37629	21775	19952	
2236	24961	24905	27534	27540	24957	
2239	30237	33858	20768	30441	
2243	24106	37094	22315	12231	20102	31775	22236	
2245	18379	18374	22886	
2246	28855	27929	20102	22236	22315	24106	19111	31775	22987	
2247	23132	18539	23434	33856	37968	33948	25748	
2248	14673	
2250	26581	35677	25589	13759	11652	26607	27831	
2251	32597	35334	36073	25201	39984	
2252	31831	
2253	26824	32339	32741	25040	34290	26144	40765	14549	17820	16707	23152	
2254	16140	16132	15544	13544	16002	16175	17532	16141	
2255	22473	31337	26745	38657	24111	31831	
2256	16276	
2257	34675	34179	16942	10931	32668	32670	15043	32185	
2260	10962	
2261	33350	
2262	18483	
2264	16912	18031	17474	38594	40906	17382	16976	26848	17282	34056	17644	
2265	31511	40906	30475	17126	
2266	28109	17105	13527	
2267	13169	12691	18028	13954	14168	
2274	24143	18379	
2275	11181	
2287	19906	14153	23920	24787	29747	14421	30887	21873	24494	24351	
2292	37090	30135	33927	10724	33910	
2293	33927	33176	12979	33933	
2295	37036	37449	30753	25156	12072	29717	23959	
2296	36911	38969	38944	41243	41047	17360	41340	
2298	12072	33920	14530	
2299	13010	10680	14232	
2304	24789	12072	13736	30223	
2306	20102	23131	22987	28639	
2315	17105	
2323	33911	12425	
2328	14554	
2329	14601	16192	
2331	28668	30223	22688	
2332	24519	
2333	11784	12919	14668	16958	13989	11016	12897	13230	15844	13150	13650	11008	
2334	28212	33350	15342	15064	14159	
2335	14305	
2336	14186	14640	24640	
2338	11920	29494	14193	
2342	30755	25589	26581	10704	29800	37515	14890	
2343	39309	23575	29797	19868	39394	39246	
2345	27534	27540	17082	14831	13155	
2347	12546	10355	33869	39526	37393	
2348	18780	37357	23340	18991	37984	
2349	36741	37572	22065	36840	
2350	26861	26072	26109	32376	31793	22254	13179	33658	38612	32781	32786	
2351	19132	39039	18614	18616	18370	18619	23906	20290	39037	20726	34378	
2352	23618	32980	33676	
2354	38260	15834	16503	12182	39583	
2355	13622	37572	13883	39830	12003	36911	15294	
2356	23618	19824	15883	40341	23592	
2357	38788	37746	39691	39524	37572	35270	
2358	38788	11162	12580	22351	17217	37746	23948	13474	13842	37940	
2359	23618	38923	34484	38241	21753	
2360	39285	13819	27250	13518	12580	12296	
2361	10409	11779	10410	11778	10875	12767	
2362	10875	10409	11778	11779	12767	12768	
2363	39285	17846	
2366	12240	18581	12357	14716	12312	
2370	23920	30743	30793	
2373	20787	24266	16629	16193	14490	
2375	17200	30040	20263	14158	
2376	33917	18489	29710	13001	
2377	30751	19262	33865	
2379	13083	18028	19344	
2380	11771	
2381	17997	20123	41167	
2382	11469	14159	31118	12136	12457	
2384	26591	18199	12041	24881	12025	
2385	32884	33053	22340	29808	
2387	24764	
2388	12099	
2390	14554	30729	12416	12779	31118	12425	24777	
2391	13372	12691	11665	10286	10877	14226	10348	10654	10756	12278	12983	
2394	39285	
2395	25107	
2398	25040	37461	18691	31953	
2399	31302	37931	36622	31139	34133	38731	31698	33526	14312	
2401	15404	12580	21050	10562	16515	15310	16514	17662	
2403	14554	
2404	28620	28672	28846	22737	21909	28785	39226	21924	29841	
2405	28214	
2406	14647	14441	33902	14559	13181	17946	12072	22885	15106	28215	
2407	11685	15121	
2409	33335	24772	30376	27240	
2410	17958	22442	32939	
2411	17555	
2419	11771	10715	11798	12648	10745	33845	29710	12208	13372	12329	
2420	28101	28104	19712	
2422	21222	39556	21438	21493	24680	20618	38888	
2429	21452	22550	22764	
2430	21193	21168	25297	
2432	25688	15554	40443	41043	
2433	13006	40272	11716	25714	27358	26967	12818	25688	27566	
2434	40272	26967	10813	41221	40255	40268	23350	11731	27357	40271	29365	
2436	39078	
2437	15412	
2438	32170	36475	35453	36516	40491	29365	40597	25688	38819	
2439	15522	33217	13509	29049	33828	10430	33293	15744	23763	29797	15078	
2440	27357	35259	
2441	30465	17001	32299	12774	37057	
2442	33872	38664	39083	21779	13345	39081	33984	31814	26409	31831	33774	37185	39084	
2443	35502	35259	26619	35334	35677	36475	23593	
2444	35067	35333	34555	32597	35069	31806	35015	
2445	30125	28336	17704	
2446	12312	16784	14224	
2447	33909	32427	11790	33920	10874	11687	30753	
2448	32597	27016	
2449	32304	36509	40255	39086	33699	35424	31935	
2450	40272	36509	31958	40255	36475	23350	16916	40268	
2451	38828	23611	21223	23778	38832	39258	18193	21254	23501	37243	
2452	23575	29797	32218	36516	21533	26069	
2454	33106	41055	
2455	10430	29797	13465	23123	10431	15579	38628	33293	
2456	13465	32218	23763	23575	32649	33293	33217	15403	29797	
2457	29798	11161	17360	25689	23325	23491	37986	28237	
2458	25694	36475	33065	29658	35067	40211	26580	34159	
2459	21707	23028	
2461	12587	16306	12917	12620	11824	11963	16005	10886	11438	
2462	28357	30035	26655	10865	35610	28431	29999	
2463	39086	35103	33366	20667	39088	40283	13042	28213	31935	39511	
2465	40762	30035	27379	
2466	24779	24778	24777	
2468	24779	24777	24778	
2472	29742	12014	28356	11644	30090	15154	15191	
2473	28241	28142	18347	29859	30219	27959	29978	29833	
