13352	34
37524	30
27534	29
12691	29
28668	28
27540	27
19689	27
24881	26
10756	26
19563	25
39397	24
14628	22
12072	22
23412	21
26568	21
32634	20
23618	19
37357	19
19091	19
24640	19
40110	18
22408	18
23132	18
39688	18
31118	17
39153	17
11083	17
33927	17
11771	17
33920	17
37417	17
36873	17
28116	17
14554	16
15425	16
38788	16
39633	16
24779	16
30035	16
18539	16
19733	15
21615	15
19831	15
19093	15
17985	15
14166	15
37316	15
14159	15
26581	15
24778	15
23431	14
39247	14
19916	14
23400	14
30737	14
37566	14
29645	14
24772	14
29717	14
11438	14
12006	14
41142	14
12096	14
37067	14
18619	14
38547	14
23349	14
33229	14
37940	14
39285	14
34791	14
10307	14
11759	14
21745	13
38727	13
41099	13
33764	13
12025	13
12156	13
38260	13
41199	13
34555	13
20667	13
13372	13
36609	13
36085	13
37370	13
32218	13
14559	13
12231	13
24777	13
26396	12
12520	12
12218	12
19839	12
23948	12
19546	12
10333	12
34484	12
23920	12
12722	12
36044	12
37036	12
35950	12
19812	12
28109	12
11386	12
35424	12
38923	12
16029	12
17813	12
41353	12
33661	12
41062	12
37890	12
34404	12
11947	12
13155	12
28665	12
14527	12
10945	12
17817	11
23350	11
23363	11
23152	11
14835	11
21557	11
15933	11
11777	11
37038	11
14066	11
17940	11
38386	11
39088	11
17001	11
17750	11
13842	11
23445	11
19002	11
18675	11
32586	11
31418	11
22340	11
37039	11
37452	11
34368	11
20351	11
17215	11
17716	11
14415	11
36384	11
39296	11
23575	11
11093	11
14103	11
17572	11
14153	11
10724	11
33917	11
16749	11
13862	11
17937	10
38709	10
38199	10
12963	10
39305	10
13156	10
27419	10
37170	10
33856	10
13472	10
29797	10
41156	10
23170	10
36545	10
36937	10
23318	10
14134	10
19745	10
38968	10
28426	10
12278	10
19170	10
40574	10
39204	10
40684	10
26619	10
39396	10
23617	10
23614	10
19987	10
24680	10
13861	10
29089	10
11469	10
36969	10
41060	10
15832	10
36144	10
35959	10
14002	10
23922	10
18697	10
38254	10
11644	10
30223	10
24789	10
10843	10
12979	10
10985	10
10491	10
37619	10
13211	10
13896	10
11168	10
10348	9
20103	9
14040	9
19872	9
23296	9
37180	9
15349	9
13151	9
14570	9
17637	9
30237	9
41117	9
19906	9
12842	9
37841	9
30741	9
10279	9
40207	9
11687	9
10286	9
13791	9
23928	9
18016	9
14164	9
39292	9
38385	9
30049	9
32962	9
40765	9
30793	9
28412	9
32694	9
36103	9
18015	9
28215	9
31600	9
18516	9
19675	9
11189	9
32244	9
35906	9
36701	9
37898	9
37235	9
18971	9
37463	9
20348	9
23184	9
41154	9
12294	9
33190	9
13622	9
33075	9
37939	9
32671	9
33217	9
17916	9
11804	9
10448	9
10315	9
15445	9
30183	9
14420	9
24896	9
24961	9
14635	9
12893	9
33390	9
14775	9
11733	8
14350	8
11790	8
36027	8
34649	8
29366	8
28336	8
37449	8
29777	8
23801	8
13140	8
31384	8
39125	8
13131	8
21873	8
24639	8
10875	8
13123	8
28344	8
22256	8
32339	8
27665	8
18107	8
25319	8
14421	8
16196	8
37884	8
38952	8
39596	8
40679	8
34346	8
40255	8
15040	8
12182	8
35953	8
41166	8
17163	8
21566	8
30761	8
10779	8
17456	8
33782	8
28417	8
29710	8
35318	8
23299	8
40387	8
23242	8
13244	8
26106	8
36876	8
39016	8
28380	8
29990	8
34546	8
39637	8
18620	8
41354	8
16782	8
32759	8
37035	8
18548	8
11162	8
33499	8
23221	8
12577	8
13793	8
13148	8
10976	8
41001	8
33669	8
36635	8
28329	8
37711	8
36899	8
37161	8
35270	8
33867	8
30051	8
41356	8
35912	8
24044	8
35983	8
21775	8
11100	8
10703	8
36612	8
23030	8
40856	8
14132	8
21203	8
17995	8
16771	8
31278	8
11839	8
10693	8
16220	8
17614	8
33869	8
16695	8
23302	8
12147	8
12425	8
13109	8
17419	8
12312	8
12981	8
14226	8
27379	8
23972	8
13169	8
21194	8
22315	8
13083	8
12136	8
13370	8
30224	8
10440	8
18339	8
18504	8
40164	7
12160	7
19880	7
30180	7
23930	7
37791	7
32624	7
38721	7
37885	7
38053	7
18226	7
18642	7
16584	7
36046	7
20002	7
12134	7
12855	7
11665	7
10715	7
10316	7
12900	7
23339	7
12732	7
12783	7
18774	7
38708	7
23155	7
19180	7
14304	7
14558	7
21784	7
22283	7
10800	7
13435	7
24206	7
32449	7
36646	7
39419	7
14502	7
36419	7
32705	7
23616	7
27232	7
14831	7
39039	7
18582	7
22216	7
18145	7
33911	7
37091	7
39691	7
19739	7
15007	7
34290	7
35919	7
37234	7
38051	7
23939	7
39162	7
36857	7
32761	7
36856	7
18961	7
19152	7
19076	7
23926	7
39556	7
37290	7
23577	7
15427	7
40621	7
38156	7
36877	7
37631	7
37157	7
18780	7
32687	7
41347	7
17032	7
17595	7
32316	7
26666	7
36334	7
26423	7
32157	7
23220	7
36288	7
36153	7
21725	7
18936	7
41357	7
33366	7
37090	7
32565	7
21678	7
25420	7
20308	7
40358	7
34437	7
26867	7
13730	7
13347	7
40742	7
41265	7
41096	7
38088	7
35984	7
38797	7
26093	7
41242	7
37137	7
23263	7
13044	7
27258	7
39526	7
23491	7
12383	7
12197	7
36918	7
10453	7
10638	7
17499	7
10961	7
37746	7
17490	7
15843	7
12302	7
12947	7
13208	7
31775	7
28237	7
10937	7
30465	7
27929	7
25594	7
11798	7
12983	7
18379	7
30090	7
13460	7
12654	7
30729	7
15844	7
10900	7
19262	7
16192	7
17846	7
10573	7
14550	7
40783	7
13026	7
17330	7
28465	7
12028	7
10662	7
10733	6
19308	6
32148	6
12810	6
39602	6
23028	6
40714	6
39148	6
38211	6
30463	6
23655	6
17095	6
18199	6
14836	6
11647	6
24643	6
23354	6
21753	6
40558	6
37549	6
39626	6
22955	6
13474	6
12379	6
10888	6
40852	6
18960	6
11737	6
27848	6
12494	6
17261	6
41102	6
11652	6
30406	6
41150	6
37918	6
36693	6
11153	6
21599	6
39843	6
22442	6
41106	6
38828	6
35103	6
40624	6
17202	6
39291	6
15339	6
18621	6
38895	6
13519	6
35031	6
21780	6
17774	6
20395	6
15003	6
22940	6
18028	6
19344	6
14662	6
35333	6
10877	6
23146	6
11781	6
12269	6
10487	6
24808	6
39685	6
38227	6
38765	6
37337	6
11065	6
32653	6
33440	6
36680	6
36771	6
27816	6
38875	6
16144	6
36146	6
36911	6
39327	6
30176	6
34450	6
35284	6
38778	6
38769	6
36921	6
35897	6
11568	6
24690	6
40838	6
36640	6
21533	6
38537	6
20190	6
23436	6
35416	6
15232	6
36083	6
11117	6
37178	6
37930	6
14083	6
19670	6
11792	6
32756	6
38305	6
26861	6
35903	6
39250	6
38920	6
26069	6
32250	6
39684	6
37057	6
11167	6
35156	6
30753	6
15885	6
39251	6
15543	6
32676	6
16005	6
32382	6
36474	6
38819	6
11155	6
23031	6
37251	6
41125	6
36016	6
39660	6
38236	6
10855	6
39398	6
21746	6
40521	6
41126	6
17933	6
36114	6
23877	6
40914	6
40866	6
10337	6
41202	6
23496	6
13865	6
37749	6
16336	6
37748	6
37576	6
39671	6
39315	6
12834	6
13174	6
12580	6
30740	6
24019	6
40658	6
13841	6
14434	6
36423	6
22065	6
10322	6
13819	6
12587	6
33492	6
29088	6
15346	6
10446	6
21195	6
11851	6
14700	6
11223	6
10457	6
13006	6
14127	6
32461	6
15245	6
36930	6
30125	6
12416	6
11714	6
24684	6
30111	6
33865	6
38969	6
13522	6
35191	6
26676	6
18173	6
17217	6
29800	6
13010	6
14000	6
28855	6
26195	6
30751	6
18483	6
14601	6
18489	6
28214	6
23763	6
29617	6
19562	6
13248	6
26667	6
25643	6
14208	6
15978	6
20511	6
14515	6
35101	6
32576	6
13384	6
18384	6
13794	6
10776	6
10732	6
10790	6
18492	6
30350	5
13496	5
10820	5
38462	5
30516	5
34084	5
20083	5
20105	5
20173	5
20411	5
20608	5
23353	5
22596	5
19487	5
30515	5
12546	5
14794	5
14789	5
19874	5
30539	5
22351	5
22346	5
37286	5
37317	5
20130	5
12053	5
33338	5
12311	5
20544	5
24953	5
12473	5
39794	5
23216	5
13476	5
25042	5
22688	5
22863	5
16190	5
37862	5
38228	5
11778	5
18225	5
35956	5
15358	5
11410	5
12704	5
39078	5
15437	5
13847	5
12021	5
36101	5
15078	5
31431	5
14232	5
15793	5
24886	5
18846	5
12378	5
18045	5
17982	5
18029	5
18606	5
10338	5
10321	5
14704	5
18223	5
33546	5
14438	5
10744	5
11133	5
13565	5
11891	5
27223	5
10924	5
34411	5
13598	5
32537	5
22243	5
36205	5
37276	5
27375	5
17578	5
33932	5
10630	5
35048	5
21766	5
23992	5
14036	5
30540	5
39471	5
24726	5
24016	5
29742	5
24763	5
31351	5
37572	5
38779	5
38916	5
38924	5
38948	5
38970	5
39041	5
19600	5
12227	5
40750	5
10742	5
20145	5
33309	5
32741	5
11490	5
31908	5
39037	5
38724	5
27390	5
37184	5
40817	5
38055	5
38415	5
35970	5
21740	5
39252	5
40861	5
38800	5
37015	5
40639	5
29511	5
18963	5
40077	5
36861	5
36043	5
38437	5
31111	5
33596	5
38915	5
23622	5
29535	5
39203	5
38711	5
34060	5
29521	5
32940	5
35896	5
23212	5
19976	5
36455	5
23371	5
39430	5
15940	5
31953	5
31898	5
17479	5
10647	5
19687	5
19632	5
19746	5
14129	5
18171	5
39366	5
34378	5
23228	5
34849	5
32553	5
11901	5
13859	5
33035	5
37544	5
26406	5
28223	5
19603	5
29522	5
39558	5
41336	5
39380	5
41209	5
41076	5
37046	5
23858	5
37922	5
38463	5
18285	5
36644	5
36913	5
37937	5
15852	5
16861	5
17245	5
16683	5
12002	5
21440	5
39086	5
35472	5
17577	5
41348	5
33182	5
17102	5
37620	5
40708	5
21771	5
33752	5
36475	5
35677	5
21748	5
16619	5
21174	5
28317	5
23827	5
33858	5
37151	5
40896	5
38811	5
39908	5
40552	5
36241	5
39484	5
36057	5
41313	5
34901	5
36061	5
36021	5
40465	5
37279	5
36105	5
25685	5
12462	5
11634	5
41191	5
40268	5
36106	5
36089	5
12004	5
36129	5
13885	5
41023	5
32304	5
28381	5
39379	5
23874	5
26946	5
18211	5
11734	5
11067	5
10359	5
14444	5
15453	5
17658	5
10331	5
39294	5
14668	5
36420	5
16588	5
23660	5
18616	5
39624	5
14147	5
14563	5
20626	5
16455	5
29391	5
12825	5
21501	5
15393	5
23483	5
28251	5
11447	5
12368	5
37622	5
37522	5
10447	5
13129	5
29911	5
26824	5
12240	5
30754	5
17677	5
20102	5
12217	5
11350	5
25688	5
34413	5
30414	5
11062	5
31987	5
15294	5
12095	5
29536	5
20246	5
14167	5
14619	5
10351	5
30707	5
32789	5
23324	5
19316	5
18416	5
30147	5
38911	5
29882	5
35675	5
34178	5
13989	5
31602	5
35610	5
36935	5
14133	5
16958	5
14128	5
28063	5
21756	5
30040	5
17200	5
12005	5
13001	5
10943	5
17105	5
14305	5
10704	5
10355	5
13883	5
18581	5
17997	5
12457	5
18691	5
40272	5
13345	5
28357	5
29133	5
23640	5
36490	5
13620	5
13610	5
18273	5
29392	5
17718	5
11585	5
21437	5
22237	5
13662	5
10812	5
17953	5
35612	5
13902	5
13798	5
20406	5
21561	5
15521	5
15036	5
12951	5
17910	5
22358	5
10354	5
23902	5
21778	5
10695	5
11014	5
11508	5
23250	5
33502	5
33326	5
19518	5
21764	5
20359	5
11776	5
41289	5
18228	5
25785	5
15685	5
18003	5
13854	5
11619	5
10729	5
11578	5
12519	5
14306	5
29407	5
18498	5
38494	4
28437	4
12245	4
12185	4
13020	4
38825	4
20717	4
18571	4
29723	4
11566	4
20614	4
20636	4
32198	4
23259	4
23960	4
41240	4
23466	4
10949	4
34709	4
17470	4
20768	4
29384	4
23427	4
20100	4
14101	4
20017	4
38092	4
16718	4
19736	4
19878	4
18992	4
26087	4
26915	4
32324	4
10687	4
14761	4
13009	4
24214	4
30416	4
18276	4
24011	4
10958	4
36145	4
12076	4
11336	4
13190	4
12154	4
13271	4
36111	4
34510	4
37440	4
10966	4
17837	4
11484	4
18952	4
31231	4
24926	4
18286	4
13591	4
12359	4
39825	4
10654	4
13252	4
15094	4
11743	4
36472	4
32693	4
18073	4
40827	4
39820	4
37912	4
34363	4
17992	4
36889	4
38736	4
17829	4
11799	4
25117	4
24977	4
18690	4
13879	4
39290	4
37716	4
40503	4
37451	4
37531	4
14325	4
36813	4
39118	4
11614	4
23129	4
38234	4
39594	4
23269	4
37706	4
33875	4
33341	4
12208	4
30734	4
19969	4
33106	4
37743	4
38884	4
39160	4
39208	4
14244	4
11567	4
15006	4
22986	4
20689	4
36108	4
38939	4
10923	4
37494	4
21781	4
17213	4
38922	4
11084	4
22386	4
39657	4
28346	4
38926	4
11704	4
39525	4
36662	4
36943	4
37875	4
26421	4
40913	4
32904	4
10556	4
31873	4
22254	4
38451	4
37641	4
37870	4
39585	4
37757	4
36845	4
12074	4
40766	4
31358	4
12390	4
32675	4
25695	4
13877	4
36859	4
40351	4
20735	4
20278	4
10353	4
36683	4
39468	4
35902	4
40859	4
12660	4
37707	4
33682	4
40215	4
36870	4
39630	4
23568	4
39334	4
36871	4
19003	4
23782	4
38728	4
26407	4
40427	4
39414	4
10352	4
30016	4
40837	4
40594	4
40282	4
22431	4
23244	4
33041	4
36082	4
32302	4
14131	4
22268	4
14266	4
32480	4
20151	4
39551	4
33150	4
23683	4
39587	4
39609	4
39853	4
23446	4
40290	4
31698	4
39601	4
34147	4
32450	4
23871	4
25805	4
32881	4
26733	4
35737	4
16592	4
10858	4
27490	4
34654	4
34416	4
39946	4
19658	4
24038	4
24513	4
38004	4
15314	4
26988	4
33933	4
36427	4
18200	4
40712	4
21542	4
34557	4
40202	4
33784	4
32190	4
33737	4
33567	4
32379	4
37577	4
32979	4
23815	4
23821	4
23816	4
20909	4
32790	4
28321	4
40373	4
23809	4
20381	4
36894	4
32501	4
36062	4
20709	4
32880	4
41192	4
36904	4
38557	4
40843	4
15884	4
16309	4
25461	4
16833	4
10367	4
37561	4
18174	4
36516	4
35234	4
39376	4
36540	4
36426	4
39513	4
35931	4
39605	4
34104	4
29045	4
33824	4
10437	4
12528	4
32758	4
29520	4
34920	4
32396	4
34160	4
33913	4
14151	4
20263	4
18435	4
38034	4
18431	4
23115	4
15920	4
16319	4
19185	4
28296	4
40576	4
36457	4
35904	4
40855	4
35969	4
37781	4
33638	4
36425	4
33218	4
38781	4
41276	4
38237	4
37378	4
37713	4
12995	4
32445	4
35217	4
12807	4
11795	4
40597	4
36301	4
37287	4
41122	4
37327	4
41230	4
21776	4
21772	4
35976	4
30375	4
17460	4
17615	4
10418	4
34968	4
31943	4
36139	4
38465	4
32680	4
19829	4
15038	4
11445	4
29860	4
36955	4
34025	4
36019	4
12818	4
38808	4
36022	4
36292	4
36018	4
39555	4
33224	4
36115	4
36953	4
12039	4
32199	4
41030	4
32580	4
34454	4
12020	4
38790	4
40491	4
38399	4
37982	4
41014	4
32479	4
35115	4
36102	4
32931	4
22655	4
36110	4
32918	4
23375	4
17645	4
37782	4
37868	4
40863	4
37819	4
31342	4
36359	4
32635	4
32286	4
39490	4
11104	4
16213	4
16492	4
11594	4
12971	4
25593	4
26846	4
12583	4
10886	4
23574	4
36418	4
11016	4
18202	4
39038	4
41177	4
39916	4
39826	4
10634	4
24678	4
37907	4
35456	4
15493	4
14436	4
30135	4
37591	4
10443	4
15833	4
35306	4
31891	4
41243	4
32910	4
16002	4
14490	4
16054	4
32448	4
10379	4
10884	4
24787	4
13240	4
36730	4
16710	4
13814	4
25748	4
11682	4
10505	4
23959	4
22562	4
20674	4
37215	4
22440	4
10550	4
25508	4
19186	4
25510	4
38946	4
37127	4
34245	4
27411	4
36696	4
29069	4
33915	4
34113	4
32546	4
16787	4
23671	4
21742	4
29558	4
21755	4
24691	4
32407	4
41359	4
20229	4
37393	4
18135	4
12522	4
35159	4
12296	4
16297	4
12870	4
27055	4
28012	4
19231	4
12276	4
22590	4
33912	4
11365	4
26557	4
21570	4
33902	4
27021	4
38910	4
21783	4
13954	4
21444	4
25694	4
23549	4
30521	4
24277	4
12841	4
36919	4
23814	4
36920	4
38562	4
25478	4
39381	4
23314	4
23280	4
17417	4
15388	4
21513	4
13518	4
11727	4
16807	4
12398	4
27509	4
12014	4
13843	4
10546	4
21777	4
26655	4
24938	4
11994	4
24913	4
24905	4
24957	4
12715	4
26561	4
14588	4
24106	4
32597	4
10962	4
13230	4
13150	4
14186	4
37515	4
39830	4
10409	4
11779	4
22737	4
28785	4
14441	4
12329	4
22764	4
33293	4
10431	4
33065	4
28356	4
13524	4
14221	4
14495	4
14137	4
14414	4
12594	4
39537	4
39535	4
41258	4
12719	4
18569	4
27417	4
12835	4
15757	4
15777	4
17609	4
11818	4
21457	4
31568	4
23376	4
41277	4
16562	4
30486	4
13750	4
14480	4
12204	4
24749	4
30225	4
26751	4
20142	4
18778	4
11433	4
20543	4
20742	4
33271	4
33903	4
23629	4
29053	4
33832	4
27648	4
25952	4
16050	4
37112	4
37199	4
18644	4
13405	4
10842	4
32536	4
31792	4
17238	4
37804	4
33697	4
23686	4
17949	4
39568	4
40221	4
29711	4
31086	4
22324	4
39462	4
37523	4
10531	4
11473	4
23606	4
10827	4
10511	4
10455	4
10386	4
10404	4
10413	4
10432	4
26405	4
10617	4
10781	4
12937	4
13194	4
14555	4
15434	4
16000	4
18496	4
36689	4
29845	4
29220	4
18340	4
38022	3
30138	3
30155	3
27299	3
11295	3
11338	3
12844	3
14949	3
31743	3
17859	3
17865	3
17872	3
17881	3
18131	3
11339	3
19422	3
23428	3
27479	3
23497	3
13466	3
26870	3
19672	3
23424	3
10391	3
37983	3
19304	3
22280	3
39976	3
18950	3
19828	3
37361	3
29101	3
10649	3
10894	3
32520	3
39128	3
28200	3
23128	3
29197	3
38203	3
24183	3
20054	3
29615	3
20168	3
37447	3
38731	3
13094	3
35991	3
38159	3
23372	3
32253	3
22390	3
20490	3
20489	3
12699	3
14030	3
23794	3
18895	3
25450	3
25080	3
30030	3
30882	3
21584	3
27341	3
39120	3
23233	3
23907	3
23473	3
21730	3
29829	3
38241	3
15325	3
38742	3
33444	3
40407	3
11886	3
40223	3
14425	3
30456	3
17986	3
40770	3
15056	3
18218	3
31103	3
24996	3
32416	3
40193	3
14079	3
37822	3
38456	3
37760	3
37829	3
37833	3
11333	3
13386	3
40267	3
30803	3
31968	3
38894	3
10948	3
40072	3
11485	3
13406	3
10521	3
19188	3
10280	3
38831	3
27755	3
27714	3
17900	3
12272	3
20123	3
18216	3
13193	3
14435	3
20680	3
19311	3
10903	3
18779	3
41167	3
14838	3
19237	3
14676	3
33877	3
12034	3
10287	3
25485	3
18102	3
40173	3
36158	3
39335	3
36162	3
38832	3
22016	3
12317	3
19576	3
12895	3
33324	3
21393	3
21465	3
16426	3
32995	3
29658	3
14530	3
39138	3
23326	3
16629	3
30527	3
37173	3
20988	3
21119	3
21164	3
39152	3
20222	3
14492	3
19875	3
20199	3
36850	3
24123	3
24143	3
23377	3
38442	3
37428	3
36794	3
32837	3
31366	3
32697	3
19793	3
24342	3
23328	3
38888	3
34468	3
37931	3
34453	3
38978	3
40112	3
13391	3
24111	3
24171	3
14986	3
33108	3
39367	3
36965	3
31996	3
24708	3
38950	3
30805	3
40403	3
33708	3
37155	3
12664	3
12500	3
37826	3
20404	3
41097	3
36830	3
29102	3
37467	3
36835	3
31426	3
39297	3
33489	3
21508	3
39206	3
19690	3
36804	3
33761	3
38426	3
28461	3
38389	3
39474	3
36795	3
36846	3
36734	3
36858	3
27225	3
34668	3
16359	3
36622	3
39000	3
39149	3
15841	3
16520	3
15889	3
35475	3
38587	3
33295	3
38287	3
29513	3
36705	3
20726	3
36829	3
36639	3
39582	3
36967	3
29058	3
37080	3
34379	3
33107	3
31095	3
36534	3
41053	3
39563	3
39390	3
23499	3
23731	3
27445	3
14953	3
36874	3
40672	3
39030	3
36284	3
24035	3
33234	3
39507	3
22504	3
20249	3
20619	3
20647	3
40716	3
11284	3
15830	3
15797	3
16325	3
23325	3
13845	3
14311	3
18196	3
22602	3
25232	3
24084	3
26644	3
19155	3
40899	3
37105	3
32411	3
15233	3
16226	3
39841	3
15305	3
38956	3
26417	3
18292	3
29666	3
18253	3
15174	3
18325	3
19684	3
19714	3
24041	3
19677	3
19554	3
20686	3
33942	3
41296	3
18203	3
12975	3
10689	3
33043	3
15941	3
32602	3
41019	3
32453	3
32238	3
38627	3
36347	3
23504	3
32308	3
32980	3
34492	3
23822	3
22946	3
40249	3
28332	3
40681	3
24714	3
27234	3
40229	3
36914	3
39591	3
38976	3
34648	3
38347	3
18878	3
18931	3
36892	3
21555	3
36893	3
36396	3
36522	3
32614	3
40379	3
24892	3
41181	3
18354	3
36909	3
13218	3
25103	3
36912	3
39823	3
41223	3
36097	3
41121	3
12832	3
23467	3
39014	3
17576	3
33770	3
15518	3
18279	3
22393	3
21450	3
15542	3
40506	3
16980	3
35160	3
34949	3
23818	3
23090	3
40371	3
21567	3
28210	3
30467	3
40411	3
34556	3
13124	3
13071	3
38777	3
38817	3
37041	3
38977	3
24688	3
36499	3
34390	3
40287	3
39371	3
16580	3
19172	3
35870	3
28281	3
36572	3
35905	3
40461	3
35947	3
39061	3
41020	3
35909	3
35910	3
39017	3
35911	3
35917	3
36098	3
36591	3
28299	3
23457	3
35921	3
36138	3
31495	3
41297	3
41010	3
40956	3
36951	3
23687	3
18982	3
29365	3
18674	3
21646	3
19477	3
40372	3
37453	3
22257	3
35952	3
23672	3
23883	3
36143	3
36134	3
39395	3
35951	3
18288	3
40862	3
12907	3
35963	3
38002	3
37802	3
37677	3
41186	3
35977	3
28283	3
38423	3
18198	3
37461	3
23738	3
11756	3
36001	3
36002	3
36005	3
25691	3
23924	3
31940	3
41270	3
24025	3
12082	3
36112	3
19966	3
36242	3
36378	3
40628	3
22387	3
40858	3
36173	3
30464	3
36030	3
36207	3
16910	3
39483	3
31323	3
13728	3
31365	3
37051	3
23348	3
35460	3
37672	3
23462	3
32414	3
38785	3
28348	3
41229	3
36099	3
34931	3
33693	3
36975	3
38816	3
36116	3
32216	3
39040	3
37012	3
39469	3
36119	3
37071	3
37598	3
36127	3
36131	3
37055	3
39473	3
39163	3
37135	3
40017	3
40724	3
23303	3
38428	3
23927	3
33322	3
31148	3
38612	3
18590	3
37779	3
36587	3
33380	3
10992	3
36163	3
41155	3
30001	3
18284	3
22563	3
18271	3
38290	3
39842	3
15302	3
37159	3
32446	3
20662	3
11860	3
12567	3
37715	3
15443	3
16489	3
17671	3
31123	3
10611	3
16653	3
31589	3
36462	3
40741	3
13570	3
23290	3
34604	3
32534	3
32306	3
36432	3
12003	3
22862	3
17216	3
37906	3
33940	3
18050	3
36395	3
23819	3
34083	3
13014	3
31930	3
15273	3
33557	3
35211	3
14041	3
14347	3
14044	3
23644	3
16140	3
17532	3
17868	3
36342	3
26989	3
17613	3
34520	3
21114	3
31303	3
39073	3
11724	3
12603	3
34021	3
21605	3
13832	3
13874	3
21223	3
21281	3
34182	3
37397	3
17770	3
15926	3
12762	3
24351	3
17497	3
15517	3
24266	3
37465	3
15968	3
23578	3
33428	3
11788	3
10635	3
37133	3
36659	3
15310	3
19144	3
20684	3
13261	3
14308	3
10688	3
13679	3
11354	3
11412	3
16009	3
12843	3
17812	3
10403	3
17784	3
22987	3
18486	3
16765	3
25332	3
10458	3
23332	3
25341	3
14193	3
16564	3
25842	3
11042	3
19549	3
14135	3
11161	3
27272	3
13796	3
39309	3
15742	3
36509	3
13305	3
10450	3
12285	3
11052	3
39996	3
36700	3
15047	3
17742	3
23631	3
20266	3
20228	3
31248	3
16241	3
23347	3
20148	3
20685	3
16966	3
23415	3
22956	3
24764	3
15519	3
28383	3
23836	3
39521	3
23096	3
38276	3
24775	3
14503	3
23851	3
31972	3
16291	3
14819	3
25072	3
13015	3
39187	3
11219	3
39533	3
12426	3
27248	3
30528	3
19302	3
13073	3
11472	3
14467	3
18374	3
29375	3
29652	3
25228	3
11963	3
13058	3
40039	3
40725	3
22335	3
29087	3
39553	3
40033	3
25589	3
29772	3
23545	3
31013	3
12918	3
13041	3
39502	3
41184	3
33707	3
36381	3
21867	3
22188	3
36781	3
20281	3
20270	3
23276	3
23238	3
11404	3
11217	3
34179	3
20267	3
13042	3
16942	3
37562	3
23421	3
20191	3
21620	3
20188	3
10368	3
20280	3
23654	3
12821	3
15097	3
14832	3
11024	3
16289	3
14514	3
17244	3
17537	3
39539	3
38925	3
17450	3
15316	3
17100	3
18156	3
17972	3
31139	3
14897	3
30755	3
25009	3
38940	3
29913	3
39312	3
34607	3
17276	3
13310	3
12622	3
14701	3
15045	3
11532	3
11415	3
11550	3
20584	3
30164	3
24898	3
28754	3
11920	3
14136	3
19868	3
30441	3
22236	3
27831	3
31831	3
14168	3
29747	3
28212	3
15064	3
13179	3
23906	3
27250	3
10410	3
12767	3
32884	3
12099	3
14312	3
21050	3
28620	3
12648	3
10745	3
33845	3
21193	3
11716	3
10813	3
10430	3
21779	3
14224	3
33699	3
23778	3
15403	3
10865	3
40762	3
35206	3
14156	3
14106	3
29129	3
29534	3
13350	3
30029	3
25730	3
17457	3
32243	3
34412	3
15203	3
35441	3
12658	3
15812	3
10405	3
16499	3
16332	3
15429	3
12482	3
12319	3
13134	3
22339	3
13357	3
15071	3
25680	3
32618	3
38174	3
16322	3
37579	3
31096	3
17980	3
40200	3
13930	3
18294	3
20055	3
21496	3
30227	3
10474	3
12504	3
13157	3
11375	3
30069	3
11620	3
26237	3
11543	3
29922	3
21068	3
23079	3
14190	3
21422	3
21427	3
13869	3
14293	3
14314	3
36926	3
30752	3
33493	3
17998	3
17714	3
33118	3
35696	3
15951	3
26728	3
36316	3
10428	3
35664	3
33703	3
33870	3
10449	3
13467	3
37304	3
23688	3
28530	3
23800	3
11810	3
34189	3
37897	3
17587	3
31955	3
31191	3
27228	3
13678	3
23482	3
33555	3
32441	3
32473	3
19586	3
33781	3
12634	3
12636	3
34303	3
25087	3
24887	3
33363	3
12236	3
11843	3
24072	3
19202	3
40989	3
13553	3
11478	3
11414	3
24000	3
18937	3
37444	3
36800	3
10420	3
25644	3
19506	3
17351	3
33891	3
19183	3
23338	3
11977	3
11709	3
11293	3
37101	3
23440	3
12239	3
37406	3
41352	3
38247	3
39406	3
12788	3
11855	3
14011	3
12106	3
25509	3
25657	3
19613	3
10939	3
40743	3
22889	3
33736	3
12252	3
40642	3
13721	3
10392	3
11327	3
10803	3
10350	3
10365	3
12288	3
10395	3
10399	3
10401	3
23729	3
40857	3
10417	3
12300	3
10433	3
12301	3
10434	3
23860	3
10849	3
10436	3
12527	3
38760	3
10442	3
41335	3
39329	3
10454	3
10456	3
11686	3
14216	3
10922	3
23029	3
29619	3
13893	3
11193	3
13856	3
27273	3
15478	3
39907	3
36677	3
17482	3
20780	3
18328	3
25774	3
29259	3
25206	3
19770	3
19612	3
13388	3
18336	3
18500	3
18333	3
18346	3
16583	3
17567	3
16644	3
37949	2
27613	2
12271	2
18004	2
14332	2
35535	2
40161	2
38836	2
14231	2
11577	2
23214	2
32993	2
14088	2
13618	2
27333	2
27420	2
33343	2
30235	2
28125	2
18924	2
12944	2
23805	2
27588	2
36736	2
41131	2
24649	2
19205	2
23337	2
39207	2
34792	2
23810	2
37858	2
19147	2
14822	2
18812	2
30448	2
16187	2
19143	2
18677	2
19024	2
23370	2
23319	2
19104	2
38108	2
20751	2
20203	2
27658	2
36463	2
27881	2
34426	2
24697	2
39465	2
24094	2
20157	2
20132	2
18909	2
27716	2
17883	2
18860	2
38741	2
37244	2
28217	2
17781	2
10568	2
20703	2
24093	2
18811	2
19068	2
25532	2
18843	2
23744	2
36024	2
36944	2
30193	2
30451	2
20784	2
22293	2
30218	2
37164	2
38090	2
38501	2
38492	2
30208	2
28435	2
38111	2
38219	2
19964	2
30387	2
29607	2
19743	2
41333	2
23416	2
23414	2
19952	2
19753	2
14247	2
13412	2
19238	2
16229	2
18630	2
29656	2
29910	2
30582	2
38896	2
37552	2
37753	2
38793	2
39051	2
12040	2
13153	2
38202	2
33022	2
40395	2
25295	2
19850	2
18243	2
13738	2
26244	2
40206	2
40785	2
35553	2
35772	2
40063	2
18277	2
15202	2
40062	2
39790	2
11443	2
37872	2
38132	2
24064	2
14358	2
22948	2
19333	2
13256	2
40320	2
34753	2
40473	2
20365	2
23797	2
31399	2
32255	2
11786	2
13207	2
39064	2
27776	2
19935	2
18095	2
18605	2
12041	2
32965	2
12386	2
26924	2
11214	2
13024	2
27205	2
17932	2
27000	2
19480	2
16079	2
17936	2
18429	2
11731	2
18520	2
12949	2
10623	2
32610	2
18118	2
23458	2
40175	2
14798	2
40374	2
36941	2
15347	2
37818	2
16370	2
33609	2
12001	2
18103	2
41268	2
35980	2
24251	2
18139	2
18201	2
17403	2
38594	2
15919	2
34266	2
39093	2
38845	2
30605	2
37492	2
24981	2
35591	2
39506	2
21590	2
22524	2
32221	2
34933	2
20366	2
37721	2
16717	2
13413	2
20172	2
23231	2
14260	2
30716	2
29830	2
26753	2
11889	2
34332	2
35584	2
20390	2
36834	2
32415	2
13784	2
19513	2
38841	2
40210	2
24780	2
40219	2
25037	2
25276	2
20125	2
15682	2
19920	2
33873	2
21684	2
20681	2
22774	2
24130	2
27247	2
28379	2
34689	2
33783	2
34298	2
33456	2
10382	2
39055	2
23256	2
19806	2
19604	2
33934	2
22886	2
20059	2
37867	2
10479	2
31302	2
32786	2
31234	2
37445	2
30610	2
10743	2
39214	2
39529	2
19628	2
25086	2
33973	2
37403	2
11571	2
14985	2
10482	2
32939	2
19503	2
17306	2
11735	2
20014	2
31415	2
40977	2
37733	2
22370	2
38539	2
40623	2
19236	2
36831	2
36818	2
37832	2
27442	2
36837	2
31409	2
33155	2
36821	2
38774	2
39019	2
40492	2
21767	2
36839	2
36949	2
37272	2
37896	2
32482	2
36840	2
36749	2
36742	2
36753	2
36721	2
17086	2
36843	2
36849	2
37694	2
18848	2
13827	2
22628	2
13806	2
25376	2
37854	2
29587	2
27303	2
37701	2
38409	2
38086	2
37825	2
33372	2
37001	2
32890	2
39394	2
26745	2
36855	2
36750	2
14522	2
34600	2
28298	2
36860	2
12575	2
17939	2
15378	2
36862	2
10469	2
40448	2
36126	2
36864	2
33709	2
36120	2
33681	2
33724	2
27256	2
19817	2
41050	2
36867	2
36868	2
38775	2
33262	2
12888	2
36678	2
10620	2
37052	2
36875	2
32311	2
37776	2
37565	2
38887	2
38914	2
21421	2
40851	2
40602	2
18104	2
22481	2
29526	2
20923	2
33751	2
36058	2
25601	2
16783	2
22394	2
25059	2
41294	2
25218	2
23049	2
40292	2
40279	2
24668	2
33393	2
34070	2
26105	2
23455	2
36353	2
21541	2
21471	2
23451	2
15270	2
15448	2
38889	2
16381	2
38233	2
41204	2
22332	2
23395	2
25974	2
38543	2
26246	2
23828	2
23538	2
37441	2
18355	2
23798	2
15124	2
35678	2
15088	2
15128	2
21105	2
17254	2
17146	2
15983	2
15178	2
23588	2
36798	2
18297	2
35112	2
35148	2
15506	2
35020	2
40720	2
19738	2
23033	2
12038	2
19805	2
20676	2
19837	2
19926	2
19958	2
28373	2
19696	2
29694	2
37789	2
27259	2
23837	2
32106	2
38874	2
10585	2
19505	2
18680	2
15372	2
12287	2
33665	2
37298	2
32294	2
31702	2
41002	2
32420	2
34511	2
34098	2
13426	2
13424	2
13802	2
36881	2
34502	2
32176	2
37498	2
11205	2
33503	2
33526	2
34508	2
37047	2
23878	2
40326	2
34693	2
35249	2
32560	2
34233	2
13658	2
30518	2
39536	2
30119	2
19754	2
13115	2
17322	2
27365	2
29609	2
29859	2
36588	2
19847	2
29709	2
39672	2
39520	2
12022	2
10751	2
25068	2
29084	2
26591	2
24841	2
18862	2
26866	2
26820	2
36886	2
36896	2
17087	2
33762	2
34176	2
32478	2
23448	2
36900	2
32186	2
36888	2
39157	2
20749	2
36722	2
37669	2
40593	2
34515	2
34814	2
36891	2
32399	2
14236	2
11105	2
11861	2
12972	2
33490	2
36895	2
34192	2
37323	2
32877	2
35470	2
36451	2
26025	2
33549	2
33486	2
40848	2
40687	2
36910	2
40937	2
38530	2
38771	2
40511	2
36319	2
22041	2
12187	2
34578	2
41049	2
41124	2
37443	2
25359	2
27446	2
34375	2
21552	2
40932	2
32310	2
18062	2
21432	2
36189	2
21433	2
17416	2
23598	2
34677	2
15065	2
35975	2
35368	2
35308	2
37314	2
36728	2
35438	2
36711	2
31550	2
40821	2
23091	2
23077	2
39010	2
39635	2
39271	2
10468	2
23581	2
35246	2
36958	2
39656	2
32227	2
36956	2
23181	2
36744	2
33705	2
32538	2
36801	2
29050	2
15276	2
16237	2
14145	2
11971	2
28400	2
19441	2
19440	2
32684	2
23484	2
37702	2
30470	2
39638	2
13303	2
21587	2
23157	2
24968	2
40538	2
33607	2
16545	2
36431	2
20250	2
33476	2
35901	2
36122	2
30110	2
29969	2
40836	2
24121	2
36379	2
41269	2
40533	2
37892	2
33487	2
37432	2
38446	2
40483	2
34049	2
39188	2
32563	2
41077	2
35913	2
33802	2
36151	2
37692	2
35914	2
33794	2
25488	2
36328	2
41338	2
40798	2
41195	2
40377	2
30055	2
35926	2
32828	2
39552	2
10551	2
20936	2
20559	2
26420	2
27961	2
32663	2
22252	2
35933	2
40652	2
41205	2
38542	2
29927	2
41236	2
40534	2
35948	2
18114	2
23565	2
37253	2
40835	2
31567	2
31497	2
11787	2
19397	2
39046	2
35957	2
35961	2
40559	2
14447	2
41237	2
35958	2
37313	2
23648	2
35995	2
35965	2
35968	2
34541	2
11043	2
41081	2
37076	2
35974	2
37260	2
15495	2
36980	2
11892	2
34921	2
35121	2
36828	2
39110	2
35979	2
22612	2
22943	2
11406	2
23921	2
40295	2
35981	2
36141	2
40954	2
41228	2
11856	2
41012	2
35985	2
30543	2
36171	2
39065	2
39177	2
21428	2
12219	2
35993	2
12459	2
12897	2
13121	2
15039	2
39103	2
41249	2
28177	2
36632	2
36055	2
27900	2
41206	2
26048	2
39650	2
37325	2
36006	2
36053	2
24588	2
23869	2
33702	2
31877	2
38358	2
32988	2
32994	2
33962	2
36012	2
17548	2
36013	2
36026	2
36014	2
40850	2
40381	2
40426	2
28330	2
36633	2
40376	2
36015	2
36243	2
40466	2
20044	2
39567	2
36020	2
41288	2
36536	2
38307	2
25491	2
37271	2
38162	2
27840	2
40497	2
36029	2
37198	2
36796	2
36032	2
36035	2
36037	2
36136	2
40285	2
33073	2
14549	2
36039	2
34371	2
22678	2
23932	2
36048	2
36092	2
32233	2
36050	2
16324	2
35283	2
29557	2
36052	2
33349	2
19668	2
40744	2
33156	2
22414	2
33417	2
24659	2
38232	2
38224	2
36081	2
36063	2
40715	2
40976	2
36064	2
21768	2
36065	2
40481	2
40451	2
41047	2
40428	2
36473	2
36071	2
36574	2
36789	2
36073	2
36076	2
15441	2
39194	2
23459	2
40417	2
27236	2
41004	2
36090	2
33174	2
23641	2
36091	2
36094	2
41051	2
29442	2
40502	2
36100	2
36109	2
15428	2
25976	2
35420	2
33655	2
17841	2
32887	2
33714	2
36104	2
35220	2
34655	2
33989	2
36107	2
39476	2
40891	2
36113	2
36168	2
40854	2
38569	2
20137	2
33049	2
32521	2
13283	2
33151	2
33822	2
29043	2
40537	2
25697	2
41292	2
32847	2
37624	2
39421	2
40557	2
18608	2
38371	2
36130	2
23917	2
11099	2
37056	2
36523	2
35060	2
36137	2
36140	2
38397	2
36521	2
22888	2
20384	2
32669	2
23284	2
33906	2
37049	2
39467	2
21512	2
36159	2
23187	2
33226	2
39388	2
12474	2
35305	2
40975	2
23681	2
36165	2
38222	2
36167	2
36170	2
41123	2
29995	2
19584	2
36175	2
20704	2
39575	2
39654	2
38476	2
18105	2
14085	2
20660	2
33754	2
23916	2
16238	2
15123	2
11993	2
28235	2
39618	2
22341	2
32886	2
12553	2
14517	2
28049	2
14689	2
16311	2
33177	2
40699	2
27718	2
29779	2
38561	2
15330	2
40300	2
34660	2
23294	2
33656	2
32900	2
31254	2
36421	2
35058	2
32619	2
36202	2
36375	2
11355	2
17058	2
19997	2
34670	2
12582	2
40704	2
33508	2
32992	2
33960	2
15200	2
31909	2
20529	2
30728	2
35455	2
15536	2
12375	2
39995	2
12574	2
14419	2
39879	2
23358	2
34117	2
17687	2
20285	2
41161	2
15806	2
15446	2
17700	2
40217	2
16132	2
15433	2
16766	2
16521	2
19009	2
19230	2
19161	2
39115	2
16692	2
19228	2
15198	2
17512	2
15865	2
33166	2
39527	2
26065	2
34824	2
23501	2
38882	2
32659	2
31329	2
16574	2
12823	2
37735	2
39854	2
39013	2
28992	2
29403	2
37478	2
39035	2
40831	2
17509	2
21283	2
18165	2
21958	2
32419	2
34019	2
16367	2
31685	2
33259	2
36442	2
14204	2
12638	2
12902	2
39048	2
31403	2
11761	2
40655	2
39580	2
27654	2
39515	2
16317	2
12655	2
18995	2
20262	2
29778	2
13177	2
10563	2
11237	2
13317	2
10332	2
34044	2
14034	2
24879	2
14177	2
12670	2
38729	2
32774	2
25800	2
11753	2
18437	2
15511	2
31537	2
19855	2
22942	2
20072	2
29754	2
38502	2
38142	2
28444	2
23408	2
29070	2
28771	2
36973	2
21994	2
21865	2
22006	2
30310	2
24647	2
32376	2
27044	2
34281	2
35385	2
16097	2
16925	2
16437	2
12774	2
13719	2
13417	2
25677	2
37124	2
37491	2
25690	2
35421	2
15539	2
34435	2
13264	2
17104	2
10278	2
19780	2
17699	2
13878	2
15522	2
18161	2
25676	2
16156	2
12962	2
26082	2
10609	2
15747	2
10389	2
20353	2
10936	2
16702	2
15162	2
23903	2
21529	2
28241	2
28142	2
29978	2
27959	2
30219	2
24089	2
26586	2
30602	2
24304	2
10680	2
24705	2
41349	2
14281	2
18241	2
10494	2
32670	2
16458	2
11905	2
25605	2
23502	2
39648	2
26334	2
29623	2
39579	2
30529	2
38998	2
33365	2
12982	2
18438	2
24188	2
29482	2
28246	2
17205	2
14189	2
30564	2
29424	2
27321	2
29644	2
18381	2
37984	2
38546	2
21600	2
18360	2
37211	2
29853	2
39586	2
40356	2
15794	2
18034	2
23759	2
39667	2
26580	2
26706	2
40211	2
31341	2
38155	2
33430	2
26072	2
23552	2
14890	2
37827	2
36824	2
23811	2
19851	2
22285	2
15306	2
12764	2
23313	2
23366	2
23322	2
23762	2
23758	2
23612	2
25959	2
33509	2
23579	2
23839	2
13953	2
11932	2
24646	2
11906	2
12917	2
23486	2
21514	2
20273	2
23279	2
23757	2
20274	2
21526	2
20649	2
23283	2
37014	2
20371	2
20748	2
20650	2
21645	2
11400	2
20279	2
23285	2
22338	2
23286	2
11720	2
15096	2
21486	2
20283	2
11817	2
20119	2
14958	2
33093	2
36929	2
38591	2
37894	2
36932	2
34289	2
27712	2
14321	2
31966	2
36934	2
27498	2
17085	2
17621	2
29091	2
15258	2
15243	2
17555	2
20307	2
15859	2
16485	2
21415	2
15823	2
16465	2
11746	2
15851	2
15860	2
32625	2
39504	2
31343	2
31509	2
12930	2
30743	2
40216	2
11328	2
37803	2
14504	2
19384	2
14352	2
12456	2
30475	2
11898	2
18428	2
15109	2
22412	2
30792	2
37518	2
30748	2
29576	2
15005	2
24318	2
25020	2
24911	2
24941	2
19224	2
24928	2
12778	2
14158	2
29494	2
26227	2
28877	2
40443	2
33908	2
38650	2
39053	2
19111	2
14673	2
13759	2
35334	2
25040	2
16175	2
16276	2
10931	2
33350	2
16912	2
18031	2
17474	2
40906	2
16976	2
17282	2
17126	2
33910	2
17360	2
41340	2
12919	2
39246	2
17082	2
18991	2
26109	2
19132	2
18614	2
20290	2
39583	2
40341	2
14716	2
33053	2
29808	2
10562	2
28672	2
28846	2
21909	2
21924	2
29841	2
13181	2
22885	2
15106	2
11685	2
33335	2
17958	2
21493	2
20618	2
21452	2
22550	2
26967	2
27357	2
29049	2
33828	2
35259	2
32299	2
37185	2
39084	2
35067	2
31806	2
17704	2
31935	2
23611	2
21254	2
13465	2
29798	2
25689	2
12620	2
28431	2
28213	2
37031	2
15795	2
29187	2
18426	2
15169	2
16540	2
24257	2
38990	2
26465	2
24910	2
38885	2
22890	2
24185	2
33570	2
23872	2
23825	2
30930	2
24330	2
29018	2
24644	2
40967	2
14566	2
21075	2
34939	2
31921	2
32193	2
34900	2
37230	2
13608	2
17185	2
13787	2
39085	2
14771	2
39538	2
37703	2
39530	2
13823	2
13743	2
35429	2
21390	2
16280	2
17147	2
22557	2
10553	2
38038	2
33950	2
40694	2
40087	2
34951	2
40816	2
15508	2
33370	2
38064	2
39182	2
40406	2
32249	2
34200	2
18723	2
13266	2
18833	2
36947	2
37849	2
17622	2
29098	2
23254	2
36756	2
31937	2
33601	2
13057	2
15873	2
14093	2
15745	2
24009	2
32317	2
40195	2
10892	2
15080	2
39090	2
13043	2
30579	2
17144	2
11277	2
21593	2
41342	2
18359	2
34108	2
16712	2
16369	2
17054	2
16170	2
16383	2
12211	2
15538	2
12394	2
12913	2
11367	2
15186	2
13232	2
25058	2
40756	2
28233	2
27660	2
36373	2
25565	2
33876	2
11914	2
25077	2
28275	2
36566	2
30758	2
15597	2
26567	2
20721	2
26245	2
10650	2
19994	2
16594	2
13433	2
12112	2
11549	2
27827	2
13295	2
41332	2
22874	2
36946	2
33392	2
12405	2
20110	2
13705	2
27552	2
27911	2
26623	2
16178	2
21577	2
21190	2
12191	2
12313	2
13735	2
19901	2
27899	2
13245	2
19844	2
20688	2
20537	2
20538	2
22420	2
19830	2
30021	2
28056	2
21583	2
18043	2
28643	2
15480	2
35887	2
40075	2
36682	2
34393	2
33096	2
32525	2
32794	2
16575	2
33817	2
34046	2
25217	2
14214	2
23127	2
33914	2
27892	2
25216	2
20389	2
10942	2
36405	2
33640	2
34646	2
37466	2
41203	2
28117	2
15585	2
16368	2
33345	2
21556	2
29528	2
39031	2
23407	2
19893	2
29895	2
25195	2
28607	2
36785	2
17407	2
32819	2
15888	2
14060	2
33405	2
34171	2
28261	2
34034	2
33610	2
23300	2
15060	2
17584	2
18911	2
36597	2
32542	2
33536	2
12760	2
36550	2
23330	2
12898	2
37092	2
20938	2
40554	2
39680	2
18372	2
33402	2
32922	2
35197	2
34085	2
31705	2
18144	2
30720	2
34644	2
23881	2
18751	2
11500	2
19986	2
18670	2
23391	2
17263	2
33310	2
39165	2
40697	2
10669	2
23951	2
33985	2
13506	2
39391	2
23844	2
16660	2
35278	2
32604	2
13499	2
37813	2
16981	2
32733	2
13186	2
39068	2
10599	2
39528	2
37106	2
31559	2
39091	2
31222	2
18260	2
15284	2
16039	2
15125	2
33054	2
12083	2
23889	2
25733	2
22212	2
27784	2
34123	2
33925	2
16341	2
10552	2
14262	2
19321	2
30591	2
22559	2
11573	2
24419	2
10677	2
18444	2
12446	2
24239	2
14705	2
13682	2
38714	2
38886	2
16761	2
36555	2
23918	2
12566	2
38679	2
13741	2
38044	2
40606	2
35289	2
17214	2
37365	2
29987	2
36265	2
24241	2
26729	2
12392	2
30103	2
32977	2
34206	2
24709	2
37570	2
23838	2
18685	2
10548	2
37125	2
12993	2
18373	2
33501	2
11437	2
24046	2
21977	2
14529	2
19545	2
13600	2
17676	2
11621	2
27584	2
18136	2
26825	2
26197	2
16757	2
16764	2
15479	2
16476	2
20841	2
20778	2
33890	2
35590	2
12432	2
40685	2
37756	2
11531	2
15304	2
37653	2
15815	2
23896	2
18274	2
18763	2
24776	2
18626	2
37783	2
38906	2
34359	2
18063	2
39336	2
31338	2
33303	2
10880	2
10388	2
27851	2
27810	2
31186	2
37532	2
37521	2
21743	2
23850	2
25314	2
38893	2
21504	2
31315	2
15952	2
15607	2
37975	2
18665	2
29553	2
12565	2
25602	2
39661	2
38957	2
40829	2
41290	2
18219	2
18060	2
19947	2
40540	2
17994	2
11081	2
11521	2
25501	2
25711	2
40705	2
18160	2
14105	2
27422	2
23297	2
17788	2
15905	2
24290	2
11762	2
18562	2
30639	2
28358	2
14494	2
19496	2
13711	2
14188	2
40008	2
13092	2
36450	2
16774	2
13558	2
23461	2
17651	2
14064	2
17882	2
12450	2
16941	2
10741	2
37064	2
17744	2
10357	2
10537	2
10356	2
12282	2
37999	2
39811	2
10396	2
10364	2
37729	2
10374	2
10390	2
17461	2
40637	2
10376	2
11712	2
11713	2
12751	2
31632	2
37652	2
10397	2
10400	2
18542	2
23590	2
23840	2
12602	2
10408	2
10411	2
38986	2
10414	2
10415	2
12605	2
12552	2
12554	2
12681	2
12599	2
21113	2
23471	2
10427	2
13947	2
23124	2
11698	2
41259	2
12529	2
10325	2
12531	2
10445	2
27219	2
29506	2
21754	2
13621	2
19716	2
23101	2
37869	2
17524	2
27124	2
19538	2
39686	2
10986	2
12816	2
20750	2
17934	2
11879	2
13381	2
11564	2
10782	2
27862	2
13302	2
20549	2
12327	2
21454	2
21121	2
13480	2
11421	2
14478	2
13255	2
14449	2
11317	2
11071	2
12443	2
14046	2
11211	2
13525	2
13235	2
11627	2
36356	2
19972	2
19078	2
10896	2
11070	2
22512	2
21239	2
36923	2
36924	2
23624	2
34037	2
32603	2
23728	2
36573	2
26394	2
38567	2
33004	2
12928	2
14703	2
16181	2
13725	2
14942	2
22637	2
12945	2
12711	2
27782	2
23582	2
11811	2
15580	2
14100	2
18567	2
23980	2
26153	2
24516	2
24108	2
15419	2
24410	2
18398	2
15377	2
24014	2
11235	2
23898	2
24882	2
17056	2
28829	2
28486	2
18474	2
27735	2
27960	2
18327	2
28866	2
28820	2
27397	2
28685	2
12380	2
39318	2
38834	2
22643	2
13932	2
23808	2
11674	2
15475	2
13852	2
11719	2
12820	2
18235	2
10734	2
32150	2
33897	2
18506	2
18502	2
28181	2
18891	2
27528	2
19088	2
18345	2
28150	2
29868	2
15775	2
25397	2
27817	2
25743	2
23169	2
35794	2
14220	2
15140	2
35574	2
32725	2
34229	2
15782	2
15786	2
15903	2
16493	2
22501	2
15755	2
15813	2
37834	1
12221	1
11310	1
27614	1
24976	1
25584	1
14346	1
12385	1
12465	1
33880	1
12534	1
33351	1
15836	1
13677	1
20777	1
11340	1
38487	1
38710	1
14698	1
13338	1
13672	1
13040	1
11965	1
14411	1
14916	1
13411	1
12571	1
29823	1
20399	1
18749	1
33947	1
33949	1
23983	1
23806	1
30139	1
29175	1
25758	1
30127	1
23402	1
40991	1
13479	1
27787	1
38647	1
19450	1
38787	1
37790	1
40058	1
24924	1
11816	1
38715	1
29190	1
37168	1
23118	1
10747	1
19100	1
19114	1
19023	1
19547	1
10755	1
35556	1
11182	1
19818	1
24309	1
19917	1
23186	1
29984	1
19820	1
18777	1
40471	1
20154	1
37359	1
20029	1
28234	1
19999	1
19582	1
21257	1
19877	1
34504	1
35547	1
31160	1
26180	1
27413	1
39818	1
18967	1
19072	1
39170	1
24918	1
27565	1
34877	1
13952	1
14924	1
14911	1
27612	1
30907	1
22538	1
17350	1
22435	1
22234	1
14611	1
25146	1
11544	1
27846	1
29400	1
20397	1
21949	1
24249	1
20219	1
27473	1
27958	1
28429	1
37852	1
30823	1
38376	1
38213	1
37879	1
24723	1
40480	1
22653	1
33887	1
29794	1
16610	1
35551	1
19475	1
12119	1
19674	1
19755	1
19647	1
36674	1
16180	1
18632	1
24733	1
12125	1
29873	1
37792	1
24891	1
36774	1
38119	1
38130	1
38192	1
30012	1
30911	1
39027	1
32640	1
13515	1
14001	1
29036	1
14271	1
40057	1
19382	1
39793	1
19379	1
13844	1
31523	1
12437	1
30457	1
32907	1
14823	1
20633	1
24980	1
39901	1
12848	1
11773	1
32608	1
40179	1
40178	1
33357	1
34841	1
16385	1
38518	1
30243	1
30106	1
13687	1
27606	1
11331	1
37679	1
13188	1
13183	1
13185	1
13966	1
22407	1
31949	1
20293	1
13513	1
19074	1
10575	1
12894	1
19381	1
25110	1
20708	1
40191	1
12345	1
12513	1
12586	1
15625	1
13805	1
18583	1
13964	1
36786	1
25437	1
14465	1
27607	1
18140	1
19534	1
17654	1
14432	1
30635	1
41141	1
12991	1
18180	1
28382	1
30178	1
17898	1
18152	1
14383	1
17979	1
18147	1
14285	1
40065	1
16125	1
33806	1
31615	1
34466	1
40303	1
14344	1
10930	1
13002	1
12649	1
15426	1
14523	1
40235	1
24212	1
39116	1
18025	1
12044	1
27609	1
15500	1
21575	1
12833	1
15976	1
20034	1
21637	1
21864	1
35033	1
24761	1
30005	1
18758	1
40958	1
23310	1
14506	1
28155	1
15033	1
34180	1
34073	1
19462	1
41103	1
17957	1
10963	1
11782	1
15345	1
20666	1
37356	1
37886	1
24979	1
24983	1
18771	1
39900	1
19825	1
12487	1
24660	1
21558	1
34946	1
33972	1
18997	1
14782	1
19130	1
33126	1
32638	1
18890	1
28462	1
18882	1
28952	1
11885	1
17739	1
30462	1
22317	1
23790	1
27102	1
20291	1
17354	1
23243	1
36763	1
36767	1
38996	1
40683	1
23293	1
24058	1
17634	1
20082	1
29812	1
19883	1
25651	1
19905	1
19904	1
25269	1
19862	1
19760	1
27287	1
25034	1
19792	1
20179	1
27288	1
24407	1
20922	1
17314	1
20139	1
20127	1
19921	1
19940	1
33352	1
13419	1
20197	1
22248	1
24161	1
13401	1
23368	1
20204	1
22537	1
20201	1
37093	1
20066	1
15259	1
11702	1
24198	1
24150	1
22962	1
19731	1
10310	1
26231	1
24132	1
24091	1
34061	1
32457	1
32279	1
33755	1
37138	1
29051	1
24261	1
23426	1
20031	1
37908	1
37963	1
37973	1
34071	1
34141	1
34512	1
23125	1
15533	1
10651	1
25592	1
30895	1
14243	1
19461	1
19642	1
19620	1
18900	1
10273	1
19300	1
34095	1
30538	1
34844	1
34096	1
23154	1
28052	1
14988	1
18854	1
19393	1
19574	1
12129	1
15858	1
12032	1
26923	1
29164	1
10295	1
14122	1
19141	1
19664	1
12929	1
25570	1
39314	1
36393	1
36466	1
12144	1
22951	1
21458	1
38251	1
30174	1
37081	1
37637	1
36832	1
36704	1
36833	1
27884	1
38782	1
36836	1
33304	1
31319	1
32901	1
40739	1
36838	1
40464	1
40933	1
38801	1
38796	1
36841	1
36754	1
36842	1
37816	1
38165	1
38133	1
36844	1
12305	1
24883	1
36847	1
40757	1
32019	1
23505	1
36848	1
37913	1
38372	1
33862	1
33344	1
33348	1
33368	1
26204	1
36851	1
35051	1
35059	1
40902	1
36852	1
36853	1
38538	1
36854	1
13853	1
14827	1
35559	1
31903	1
16012	1
39097	1
26952	1
25001	1
37011	1
41225	1
32661	1
33418	1
36863	1
39912	1
33119	1
33147	1
33092	1
36865	1
32267	1
39059	1
36866	1
34459	1
33062	1
33058	1
36869	1
37040	1
23309	1
22463	1
38656	1
19583	1
37643	1
36872	1
22251	1
20247	1
30578	1
27246	1
37691	1
21569	1
34566	1
21463	1
21460	1
20394	1
21011	1
34895	1
10558	1
32392	1
35685	1
34018	1
38713	1
40364	1
19961	1
10613	1
40638	1
41048	1
27230	1
23849	1
40773	1
10490	1
38823	1
22308	1
40544	1
23974	1
38566	1
33512	1
15181	1
23321	1
35276	1
34124	1
16991	1
33871	1
40706	1
41320	1
22783	1
23970	1
26612	1
16952	1
40247	1
24701	1
33718	1
34004	1
16872	1
34105	1
16818	1
34911	1
16326	1
34017	1
15337	1
17558	1
22046	1
17107	1
15061	1
16900	1
36692	1
14542	1
18254	1
35629	1
27793	1
18255	1
25472	1
18266	1
18310	1
15481	1
31856	1
15476	1
15672	1
29533	1
15261	1
31238	1
37371	1
19577	1
19451	1
19640	1
19671	1
19605	1
29189	1
24884	1
36260	1
19804	1
19970	1
19945	1
19591	1
39445	1
39412	1
30402	1
37176	1
38059	1
22262	1
20705	1
32086	1
32620	1
19667	1
12198	1
37891	1
19131	1
37651	1
16113	1
38772	1
18580	1
19343	1
27430	1
34288	1
32748	1
16258	1
23345	1
15221	1
35549	1
31869	1
12194	1
32944	1
37059	1
38573	1
22677	1
32181	1
38717	1
31534	1
40887	1
33168	1
32215	1
32497	1
33744	1
32724	1
37586	1
32551	1
18191	1
34103	1
32511	1
34457	1
34731	1
32196	1
32470	1
34717	1
38193	1
33036	1
32516	1
23994	1
37470	1
15214	1
18445	1
17040	1
14792	1
25569	1
29406	1
14659	1
19759	1
33359	1
40228	1
37550	1
36878	1
36879	1
26402	1
29502	1
36880	1
33161	1
33788	1
39154	1
25502	1
29507	1
36882	1
23396	1
15949	1
36883	1
36884	1
36885	1
32336	1
33014	1
33668	1
26821	1
37618	1
27097	1
23899	1
36887	1
34151	1
34090	1
32515	1
35383	1
35716	1
36890	1
18652	1
18731	1
15136	1
19681	1
18842	1
18656	1
36496	1
36784	1
33497	1
31671	1
31596	1
24906	1
36897	1
36898	1
40998	1
33674	1
31981	1
36303	1
36901	1
36902	1
23092	1
33659	1
37681	1
36903	1
37546	1
37941	1
36905	1
36906	1
18009	1
36971	1
10926	1
30952	1
26577	1
36907	1
37050	1
36823	1
23879	1
36908	1
35170	1
36317	1
39835	1
16435	1
39254	1
37764	1
39255	1
20233	1
40581	1
12544	1
15185	1
21550	1
15172	1
36716	1
33866	1
40166	1
40170	1
18049	1
12081	1
17668	1
34395	1
25804	1
27449	1
20613	1
34885	1
32873	1
36773	1
35011	1
35036	1
34620	1
40895	1
11608	1
21510	1
34564	1
13594	1
37415	1
21262	1
23929	1
37246	1
38325	1
34967	1
35145	1
35149	1
34292	1
34291	1
37664	1
23081	1
40362	1
38997	1
23732	1
21500	1
33700	1
29061	1
16682	1
15644	1
40611	1
36590	1
36444	1
39816	1
12593	1
25462	1
34826	1
34656	1
16337	1
32569	1
30517	1
34448	1
34120	1
36957	1
23530	1
25484	1
23531	1
22699	1
17376	1
30153	1
30045	1
11077	1
11838	1
23271	1
40560	1
39598	1
40010	1
40254	1
36972	1
40339	1
33694	1
41031	1
37045	1
39333	1
26110	1
17806	1
32581	1
37068	1
34287	1
30122	1
23802	1
40291	1
41286	1
37889	1
35907	1
36737	1
35908	1
12815	1
30146	1
23854	1
31266	1
36331	1
39043	1
39062	1
27099	1
41244	1
38422	1
13078	1
34032	1
35915	1
35916	1
39361	1
32856	1
34549	1
35918	1
39432	1
36792	1
35920	1
34405	1
35922	1
35923	1
35924	1
34597	1
35925	1
19211	1
39888	1
35927	1
37902	1
35928	1
23750	1
31610	1
40675	1
35929	1
27407	1
11120	1
35930	1
37767	1
37510	1
29820	1
37351	1
30014	1
30115	1
29682	1
30329	1
35879	1
17792	1
18546	1
17627	1
35932	1
13717	1
32652	1
34924	1
32518	1
26067	1
34328	1
35314	1
31304	1
34662	1
37551	1
34910	1
40306	1
35934	1
35935	1
32592	1
33449	1
35936	1
10979	1
35937	1
38377	1
35938	1
33481	1
38565	1
33521	1
35939	1
40746	1
27448	1
34326	1
35940	1
33222	1
35941	1
35942	1
35943	1
35762	1
35944	1
35945	1
20907	1
35946	1
26264	1
39523	1
39479	1
38529	1
34666	1
18117	1
41119	1
35949	1
20046	1
20088	1
20047	1
21658	1
21623	1
40575	1
40579	1
35954	1
20462	1
20956	1
22195	1
20473	1
20456	1
21983	1
20463	1
22024	1
20594	1
35955	1
33542	1
33042	1
36194	1
10972	1
27857	1
41006	1
40393	1
30067	1
35960	1
37961	1
37929	1
35962	1
11530	1
38898	1
12418	1
41211	1
37674	1
35964	1
39856	1
16741	1
35966	1
32519	1
36206	1
20969	1
35967	1
38535	1
33956	1
34714	1
18111	1
18305	1
35462	1
35971	1
39531	1
32685	1
39681	1
39548	1
21117	1
39885	1
21045	1
40962	1
20035	1
35972	1
35973	1
41309	1
31798	1
35131	1
35505	1
11196	1
34926	1
34987	1
35050	1
35978	1
21074	1
12687	1
40898	1
12809	1
32843	1
25596	1
34299	1
34300	1
35982	1
33807	1
40614	1
40528	1
29628	1
26721	1
29972	1
35986	1
35987	1
41190	1
35988	1
35989	1
39223	1
39299	1
39337	1
39373	1
39420	1
39627	1
35990	1
24890	1
38720	1
31424	1
11368	1
32321	1
12866	1
38758	1
35992	1
13763	1
16472	1
16527	1
10762	1
35994	1
10667	1
35247	1
13733	1
31446	1
37269	1
36616	1
38846	1
27785	1
35996	1
19500	1
41282	1
35997	1
21815	1
35998	1
28183	1
28172	1
28179	1
29654	1
29942	1
28170	1
28124	1
27458	1
28184	1
28240	1
35999	1
26699	1
26472	1
29139	1
36000	1
36547	1
28256	1
28265	1
27645	1
24795	1
36003	1
37284	1
37981	1
40363	1
29819	1
36004	1
23841	1
31259	1
36201	1
28770	1
21891	1
36007	1
28018	1
36008	1
34587	1
39455	1
38739	1
36009	1
36010	1
25957	1
26449	1
29378	1
26097	1
29505	1
26135	1
14509	1
29094	1
27218	1
26063	1
36011	1
12037	1
35265	1
40258	1
25085	1
37933	1
38096	1
12372	1
36017	1
21335	1
22043	1
22047	1
22161	1
38332	1
21300	1
38762	1
23674	1
20018	1
19017	1
19077	1
21612	1
22331	1
23432	1
39302	1
20087	1
21703	1
39903	1
25966	1
24015	1
25967	1
40677	1
36274	1
39326	1
36023	1
38041	1
36548	1
38129	1
25054	1
38124	1
30914	1
36025	1
40315	1
19043	1
19045	1
19044	1
19042	1
19069	1
19838	1
31105	1
39417	1
28331	1
36634	1
36815	1
34445	1
36028	1
36515	1
35200	1
36031	1
15260	1
14766	1
36797	1
36033	1
23150	1
36034	1
33420	1
33432	1
32171	1
36036	1
26677	1
30403	1
22477	1
37635	1
36038	1
14035	1
23969	1
19004	1
36040	1
21660	1
41107	1
37871	1
26980	1
21130	1
21468	1
36041	1
21527	1
36042	1
36045	1
37497	1
12085	1
32027	1
36047	1
36360	1
32969	1
33581	1
32271	1
33551	1
32068	1
36049	1
40531	1
29188	1
37964	1
36051	1
37704	1
27030	1
40348	1
34309	1
27271	1
26439	1
38007	1
29119	1
38005	1
34585	1
20244	1
41238	1
36054	1
36056	1
27898	1
27912	1
28090	1
26470	1
29132	1
15322	1
25720	1
28091	1
37967	1
28089	1
29138	1
37689	1
27447	1
36059	1
36060	1
33772	1
33982	1
34565	1
34543	1
23995	1
20334	1
38485	1
18269	1
11154	1
35261	1
34343	1
28406	1
19680	1
33415	1
19686	1
40380	1
30132	1
19679	1
40493	1
36066	1
36067	1
34838	1
14954	1
36068	1
36069	1
32689	1
33528	1
36070	1
39060	1
36072	1
36652	1
33308	1
34036	1
38135	1
34833	1
31362	1
35503	1
34832	1
22605	1
36074	1
36075	1
36637	1
36077	1
38646	1
37363	1
36078	1
37471	1
36079	1
36080	1
20996	1
21029	1
21009	1
37920	1
21002	1
21007	1
21456	1
21441	1
20507	1
37070	1
15505	1
36084	1
29068	1
15348	1
36086	1
22680	1
36087	1
20120	1
22486	1
34330	1
24204	1
36088	1
22485	1
23847	1
37405	1
37714	1
34003	1
38285	1
36244	1
11080	1
38223	1
40259	1
22669	1
20657	1
23602	1
20964	1
21434	1
21448	1
36093	1
25809	1
25254	1
36095	1
36096	1
41287	1
27092	1
39461	1
31507	1
36500	1
32866	1
31747	1
15256	1
33219	1
31957	1
32475	1
25813	1
25815	1
41033	1
21876	1
40446	1
40467	1
20150	1
39308	1
26176	1
19918	1
39407	1
36224	1
40460	1
40787	1
38795	1
23307	1
32898	1
36117	1
36349	1
26864	1
32974	1
32335	1
36118	1
18849	1
36751	1
11692	1
34076	1
33232	1
32829	1
34391	1
39597	1
32228	1
34615	1
32295	1
37650	1
36121	1
32422	1
28278	1
37853	1
36123	1
32465	1
32463	1
36124	1
36125	1
36210	1
27928	1
37780	1
36128	1
38809	1
31336	1
36344	1
35884	1
21124	1
10702	1
10694	1
41017	1
41284	1
40573	1
39470	1
40536	1
36132	1
37087	1
40888	1
41092	1
37739	1
36133	1
31735	1
38474	1
38479	1
38475	1
36135	1
33513	1
40442	1
20289	1
41283	1
39213	1
20413	1
30444	1
32052	1
38464	1
38045	1
36142	1
36532	1
38420	1
41034	1
36218	1
37400	1
18115	1
23178	1
36147	1
18127	1
38128	1
38113	1
30892	1
37659	1
36148	1
38540	1
36149	1
17535	1
14253	1
35040	1
32090	1
35388	1
33604	1
33095	1
36150	1
24984	1
29434	1
36152	1
34314	1
35046	1
33091	1
36154	1
40661	1
36155	1
36156	1
34462	1
32195	1
33643	1
34112	1
40729	1
36157	1
32970	1
12491	1
33529	1
33715	1
28295	1
39331	1
36160	1
29565	1
38504	1
28446	1
13167	1
36161	1
18190	1
39486	1
24895	1
20567	1
20563	1
36623	1
39676	1
18792	1
19665	1
36164	1
33980	1
39497	1
37758	1
38390	1
36166	1
39431	1
38441	1
40853	1
36563	1
36169	1
24920	1
41009	1
30000	1
30006	1
36172	1
19915	1
37385	1
33228	1
36174	1
40666	1
10982	1
17612	1
24770	1
41285	1
27405	1
36341	1
38348	1
10283	1
20117	1
28138	1
15213	1
15216	1
21498	1
21469	1
36996	1
15962	1
15133	1
37128	1
23444	1
14080	1
36412	1
36413	1
25465	1
15334	1
15298	1
37786	1
13739	1
13250	1
33495	1
30638	1
25227	1
32247	1
23747	1
40391	1
36414	1
36416	1
40846	1
21201	1
36417	1
40453	1
26842	1
40002	1
17642	1
17492	1
12786	1
35695	1
30169	1
16182	1
40354	1
10754	1
36422	1
36424	1
40847	1
36537	1
33231	1
36503	1
40504	1
36428	1
34704	1
35034	1
35168	1
35312	1
34861	1
36429	1
36430	1
19163	1
32442	1
36787	1
21586	1
17022	1
37292	1
21053	1
26419	1
17021	1
15274	1
12591	1
37901	1
12617	1
35697	1
39220	1
16047	1
37301	1
16299	1
34934	1
12536	1
37719	1
37222	1
17790	1
24682	1
39588	1
15152	1
37322	1
18910	1
20169	1
11329	1
41299	1
34955	1
31920	1
11458	1
18406	1
36543	1
32028	1
37320	1
22624	1
23295	1
12584	1
13458	1
17158	1
16587	1
15255	1
12802	1
33505	1
34128	1
16751	1
33163	1
37099	1
31851	1
34890	1
31116	1
15669	1
15780	1
15792	1
24097	1
33275	1
23498	1
29992	1
36769	1
26862	1
32309	1
39167	1
12370	1
38230	1
32628	1
35030	1
32816	1
32681	1
32087	1
39129	1
21112	1
21466	1
34193	1
34164	1
34191	1
41334	1
37612	1
27329	1
29402	1
27327	1
26360	1
26772	1
29410	1
26997	1
29199	1
26023	1
27034	1
33414	1
15629	1
15612	1
18809	1
15610	1
16441	1
37218	1
16439	1
19138	1
39257	1
37815	1
39543	1
37131	1
13076	1
41079	1
19117	1
23441	1
21220	1
32402	1
15420	1
15355	1
32807	1
34538	1
40079	1
16693	1
36732	1
14094	1
10777	1
13571	1
14520	1
31054	1
19133	1
11796	1
41263	1
10981	1
11832	1
32952	1
36204	1
36323	1
13101	1
35850	1
12640	1
39049	1
23866	1
24978	1
16911	1
16946	1
33951	1
36217	1
15341	1
10913	1
12795	1
12618	1
22044	1
12908	1
10906	1
37477	1
37285	1
39094	1
17500	1
16742	1
17123	1
21757	1
35667	1
34561	1
19214	1
14225	1
39117	1
33328	1
33663	1
13298	1
11202	1
12184	1
18972	1
36991	1
20286	1
11292	1
11976	1
11978	1
13968	1
11385	1
33433	1
19173	1
29508	1
18432	1
14764	1
20702	1
30050	1
12876	1
38106	1
38145	1
22566	1
29944	1
28128	1
28132	1
29919	1
28588	1
37610	1
20412	1
30520	1
16217	1
16947	1
12241	1
25653	1
26735	1
25293	1
25283	1
30426	1
30434	1
14496	1
23507	1
39670	1
26493	1
22002	1
21844	1
17969	1
21998	1
28759	1
21160	1
21956	1
18298	1
20226	1
30315	1
22436	1
29815	1
19521	1
25330	1
25518	1
26734	1
30326	1
29626	1
31144	1
29393	1
17521	1
16119	1
16534	1
24683	1
41207	1
15822	1
26959	1
32145	1
37763	1
29660	1
33627	1
34414	1
16645	1
15197	1
26660	1
10872	1
35157	1
15287	1
15730	1
13822	1
11001	1
32919	1
21762	1
33611	1
13459	1
34922	1
34417	1
34086	1
34415	1
40508	1
41138	1
20707	1
13091	1
23792	1
40797	1
22472	1
25825	1
32259	1
31590	1
11040	1
20693	1
23378	1
19993	1
15035	1
10462	1
33889	1
17664	1
25106	1
33206	1
15484	1
37197	1
39112	1
39641	1
35504	1
37022	1
25310	1
12324	1
19585	1
25292	1
33207	1
15263	1
16417	1
17653	1
17990	1
17702	1
36433	1
40813	1
17025	1
16176	1
31447	1
13701	1
11874	1
11178	1
16032	1
23735	1
20342	1
12293	1
17757	1
30763	1
30046	1
15925	1
30764	1
38242	1
20738	1
18631	1
34067	1
16652	1
23476	1
34698	1
15624	1
29893	1
29971	1
28173	1
19456	1
25331	1
30817	1
28641	1
26755	1
29364	1
30617	1
29770	1
27709	1
19810	1
24155	1
29989	1
37435	1
18240	1
11411	1
11403	1
37217	1
35732	1
39621	1
40496	1
40828	1
36374	1
36708	1
37254	1
38936	1
22365	1
40383	1
12745	1
38073	1
26629	1
22322	1
20894	1
38253	1
24949	1
26955	1
12336	1
12334	1
10581	1
27901	1
25615	1
14125	1
32066	1
33957	1
38556	1
39219	1
22772	1
37392	1
37903	1
14431	1
22233	1
23208	1
14270	1
30583	1
39237	1
28868	1
19588	1
11878	1
12879	1
11760	1
37167	1
25687	1
20819	1
29468	1
20845	1
24960	1
29603	1
27326	1
26620	1
11949	1
27692	1
41233	1
23911	1
29904	1
29450	1
27141	1
29449	1
29452	1
29943	1
33397	1
20851	1
20640	1
20854	1
29583	1
30891	1
25015	1
37944	1
27331	1
12901	1
10907	1
29957	1
18440	1
28218	1
20597	1
39427	1
39171	1
27249	1
25075	1
22514	1
37233	1
37996	1
37520	1
37630	1
38743	1
19946	1
23386	1
29561	1
40028	1
37462	1
29774	1
40011	1
39668	1
38984	1
39458	1
20152	1
40526	1
18120	1
38756	1
25402	1
33124	1
21032	1
33977	1
33143	1
23721	1
18306	1
40871	1
31942	1
33814	1
32381	1
27759	1
13500	1
11684	1
11667	1
12672	1
25618	1
11628	1
19309	1
33716	1
14485	1
13062	1
34822	1
34712	1
32044	1
34716	1
22336	1
22953	1
19869	1
13526	1
22894	1
20268	1
23274	1
33442	1
21752	1
22409	1
38029	1
21617	1
20269	1
23275	1
21727	1
20728	1
33260	1
40040	1
11283	1
11913	1
19154	1
29057	1
33836	1
34199	1
39570	1
20740	1
12070	1
18026	1
23277	1
20271	1
16454	1
20272	1
23278	1
34474	1
14833	1
36358	1
21741	1
11981	1
20648	1
20651	1
21686	1
37593	1
20275	1
23281	1
20732	1
20358	1
23572	1
22824	1
21652	1
20276	1
23282	1
21688	1
37594	1
21690	1
11401	1
20277	1
14609	1
21632	1
14519	1
13102	1
14257	1
20383	1
20356	1
23287	1
10893	1
20282	1
23288	1
35322	1
20360	1
23289	1
23856	1
21506	1
15931	1
27713	1
37175	1
20166	1
22364	1
20683	1
34268	1
19794	1
22397	1
34347	1
14959	1
36927	1
13731	1
36928	1
37580	1
31890	1
36655	1
33779	1
26872	1
32443	1
35571	1
38601	1
16531	1
31207	1
36931	1
40946	1
10852	1
33726	1
38387	1
29166	1
36933	1
18529	1
26504	1
10528	1
14322	1
36936	1
23544	1
33059	1
15869	1
31564	1
32412	1
36938	1
12540	1
10628	1
12616	1
13268	1
17180	1
14274	1
15645	1
13362	1
16391	1
15878	1
16273	1
21086	1
16598	1
13849	1
17079	1
33577	1
33186	1
17701	1
16231	1
37720	1
38686	1
34427	1
17035	1
36520	1
33916	1
21798	1
38734	1
34028	1
34940	1
16354	1
13161	1
20231	1
32871	1
13875	1
27020	1
14412	1
10836	1
13486	1
29618	1
19160	1
31115	1
14334	1
20361	1
12952	1
17292	1
11942	1
28883	1
11273	1
11952	1
33767	1
11849	1
22261	1
24225	1
20041	1
33647	1
12133	1
33878	1
12264	1
11405	1
11397	1
10604	1
12261	1
13104	1
14638	1
30073	1
20184	1
29541	1
22695	1
21903	1
21886	1
21888	1
21901	1
21892	1
21896	1
29960	1
26621	1
29891	1
24964	1
11917	1
30511	1
26938	1
11780	1
40926	1
40144	1
39102	1
30097	1
26697	1
24289	1
32585	1
38921	1
28772	1
19472	1
26209	1
26638	1
34079	1
12115	1
23551	1
15621	1
38466	1
40338	1
37629	1
37094	1
23434	1
37968	1
33948	1
26607	1
25201	1
39984	1
26144	1
17820	1
16707	1
15544	1
13544	1
16141	1
22473	1
31337	1
38657	1
34675	1
32668	1
15043	1
32185	1
17382	1
26848	1
34056	1
17644	1
31511	1
13527	1
11181	1
30887	1
24494	1
33176	1
25156	1
38944	1
13736	1
23131	1
28639	1
24519	1
11784	1
13650	1
11008	1
15342	1
14640	1
23340	1
36741	1
31793	1
33658	1
32781	1
18370	1
33676	1
15834	1
16503	1
19824	1
15883	1
23592	1
39524	1
12768	1
12357	1
20787	1
16193	1
12779	1
25107	1
34133	1
15404	1
16515	1
16514	1
17662	1
39226	1
14647	1
17946	1
15121	1
30376	1
27240	1
28101	1
28104	1
19712	1
21222	1
21438	1
21168	1
25297	1
15554	1
41043	1
25714	1
27358	1
27566	1
41221	1
40271	1
15412	1
32170	1
35453	1
13509	1
15744	1
33872	1
38664	1
39083	1
39081	1
33984	1
31814	1
26409	1
33774	1
35502	1
23593	1
35069	1
35015	1
16784	1
33909	1
32427	1
10874	1
27016	1
31958	1
16916	1
39258	1
18193	1
37243	1
41055	1
23123	1
15579	1
38628	1
32649	1
37986	1
34159	1
21707	1
16306	1
11824	1
29999	1
40283	1
39511	1
15154	1
15191	1
18347	1
29833	1
36385	1
16512	1
31104	1
37032	1
11751	1
24903	1
38735	1
26346	1
26749	1
10486	1
30039	1
22927	1
18395	1
25755	1
26701	1
24336	1
33893	1
14235	1
39189	1
30888	1
18389	1
16866	1
26827	1
32342	1
16425	1
40693	1
13254	1
16602	1
17861	1
16913	1
34545	1
36992	1
23961	1
39183	1
36746	1
16040	1
16350	1
33958	1
26138	1
12693	1
18261	1
33193	1
17336	1
32208	1
32938	1
13605	1
16563	1
13851	1
36467	1
15204	1
35251	1
21744	1
37503	1
17616	1
33296	1
31586	1
41318	1
23601	1
22779	1
13606	1
37784	1
13596	1
32451	1
16082	1
16418	1
23723	1
24966	1
14926	1
22672	1
32547	1
16820	1
14405	1
12376	1
13267	1
13663	1
23768	1
31563	1
17743	1
15907	1
34837	1
23301	1
16613	1
35072	1
21389	1
21372	1
15449	1
37149	1
38651	1
10957	1
12718	1
12059	1
33353	1
27860	1
27670	1
30439	1
13311	1
40796	1
17640	1
32242	1
14299	1
10596	1
32159	1
15435	1
11152	1
16398	1
13171	1
26836	1
32351	1
35294	1
19621	1
28459	1
23106	1
29270	1
18773	1
34110	1
18841	1
15090	1
38737	1
41327	1
34284	1
34139	1
11281	1
29116	1
29842	1
30449	1
29599	1
27315	1
22930	1
31134	1
17869	1
17425	1
17724	1
13670	1
31136	1
35019	1
32021	1
32219	1
10919	1
39378	1
16917	1
17433	1
17691	1
34962	1
21609	1
18287	1
15853	1
35080	1
34999	1
16004	1
17097	1
15286	1
41319	1
17224	1
17148	1
30028	1
39833	1
21420	1
11492	1
10313	1
17153	1
34005	1
17183	1
17186	1
34204	1
20234	1
22383	1
17178	1
36215	1
22423	1
16769	1
16302	1
32504	1
17761	1
15912	1
16796	1
29001	1
21192	1
14154	1
14892	1
38810	1
33364	1
36401	1
27434	1
27750	1
11671	1
13580	1
11721	1
14301	1
12220	1
14528	1
38962	1
16609	1
11319	1
17159	1
27253	1
38187	1
16951	1
26559	1
37785	1
37126	1
39559	1
18541	1
23149	1
26878	1
33892	1
26287	1
30027	1
26556	1
27728	1
29789	1
25595	1
29771	1
36549	1
26756	1
25056	1
32141	1
18044	1
18215	1
17347	1
30064	1
40097	1
27942	1
13904	1
13320	1
14178	1
26342	1
31119	1
10722	1
13978	1
13653	1
12132	1
28107	1
18999	1
10719	1
11520	1
13288	1
26095	1
26949	1
28375	1
19566	1
19383	1
12051	1
11873	1
25112	1
23685	1
31711	1
11314	1
11813	1
31686	1
13676	1
26999	1
13296	1
25266	1
25264	1
25242	1
19380	1
26547	1
22870	1
35514	1
12322	1
20095	1
39310	1
29825	1
24196	1
10500	1
12321	1
26117	1
11359	1
13667	1
26583	1
12124	1
12064	1
12515	1
12215	1
25445	1
13144	1
29884	1
28058	1
12413	1
12892	1
11007	1
28238	1
14839	1
14068	1
26558	1
26605	1
36257	1
13692	1
13451	1
13478	1
24954	1
39168	1
39498	1
39288	1
20364	1
26994	1
23737	1
34423	1
33040	1
26341	1
21089	1
21175	1
21177	1
14696	1
19386	1
14194	1
24394	1
14674	1
24030	1
14653	1
31005	1
27629	1
26139	1
27711	1
40020	1
28291	1
30236	1
19843	1
20658	1
20586	1
20265	1
22175	1
21180	1
21186	1
21417	1
22705	1
26019	1
26330	1
28226	1
21159	1
30941	1
27461	1
22782	1
20171	1
24278	1
13575	1
14888	1
41008	1
40440	1
22368	1
25790	1
18558	1
21836	1
30088	1
33720	1
29261	1
15229	1
26875	1
16346	1
15257	1
24812	1
22316	1
22765	1
23967	1
21907	1
18570	1
33471	1
37616	1
12478	1
37412	1
20576	1
34567	1
33287	1
21200	1
32926	1
33149	1
16063	1
18231	1
32524	1
34000	1
15290	1
16743	1
11673	1
31887	1
26800	1
32812	1
40212	1
14947	1
16746	1
16559	1
32770	1
24686	1
15987	1
25783	1
25214	1
20687	1
32272	1
25050	1
31963	1
37330	1
37006	1
15373	1
15918	1
40517	1
37061	1
17369	1
19682	1
15271	1
31871	1
16434	1
35009	1
22345	1
16679	1
15617	1
16612	1
34280	1
17280	1
16460	1
14683	1
16236	1
21167	1
15076	1
15132	1
16121	1
17527	1
15848	1
31427	1
12435	1
13182	1
14196	1
14230	1
13917	1
14343	1
14851	1
12891	1
13685	1
30478	1
38235	1
37207	1
16968	1
23142	1
16110	1
23139	1
15269	1
13355	1
33272	1
24713	1
37209	1
12787	1
40973	1
15108	1
12026	1
10640	1
13543	1
28005	1
24208	1
24904	1
38182	1
38188	1
28646	1
11825	1
11037	1
18046	1
33868	1
36765	1
23940	1
13293	1
15985	1
17722	1
16797	1
16677	1
16830	1
16837	1
27238	1
20767	1
29388	1
30879	1
40109	1
12340	1
36501	1
40760	1
34356	1
33111	1
33113	1
11642	1
14627	1
37150	1
36636	1
25352	1
33687	1
29063	1
14349	1
11349	1
17839	1
13291	1
36552	1
32266	1
35239	1
15142	1
15642	1
23820	1
23823	1
23826	1
26066	1
11738	1
25968	1
17286	1
34091	1
12769	1
34460	1
17597	1
33545	1
34020	1
32691	1
21250	1
12770	1
11442	1
21521	1
17449	1
13820	1
39604	1
21657	1
27269	1
18829	1
37484	1
38630	1
28259	1
32783	1
34188	1
31394	1
13481	1
14587	1
22277	1
21212	1
28405	1
11572	1
17650	1
17590	1
21461	1
22396	1
20974	1
21796	1
39845	1
20970	1
15188	1
23684	1
17193	1
23078	1
34743	1
17043	1
17233	1
40948	1
33996	1
35212	1
17692	1
25598	1
12590	1
32757	1
16792	1
16486	1
17116	1
25698	1
13023	1
16569	1
25047	1
14524	1
24577	1
24654	1
10933	1
38016	1
33196	1
17922	1
33115	1
32346	1
14991	1
11282	1
14183	1
34066	1
31197	1
33097	1
36290	1
20108	1
20121	1
39418	1
34024	1
36477	1
21978	1
29679	1
21591	1
15503	1
17816	1
34775	1
23539	1
14507	1
15691	1
35214	1
24272	1
34733	1
34282	1
29516	1
33525	1
34694	1
22609	1
26192	1
31227	1
34777	1
34175	1
32787	1
29194	1
35690	1
33919	1
16624	1
21723	1
39385	1
21728	1
10328	1
13644	1
17103	1
17975	1
17925	1
34905	1
16167	1
24034	1
34251	1
40735	1
14886	1
34711	1
21495	1
34771	1
34923	1
17600	1
11430	1
10633	1
15224	1
18985	1
17583	1
37563	1
26845	1
35315	1
37754	1
40539	1
33052	1
35474	1
35142	1
32772	1
13348	1
37375	1
31408	1
40385	1
13468	1
10297	1
37009	1
16296	1
31965	1
35596	1
32674	1
35209	1
18081	1
34625	1
30759	1
17340	1
18293	1
14666	1
18252	1
21518	1
15943	1
15173	1
15196	1
32686	1
33991	1
16373	1
13530	1
39514	1
40957	1
11429	1
31281	1
16215	1
14534	1
24324	1
11600	1
12619	1
17856	1
41074	1
21722	1
16087	1
23894	1
19548	1
25328	1
32780	1
39441	1
39164	1
26812	1
18164	1
33403	1
22985	1
31687	1
34145	1
27451	1
35061	1
35659	1
21547	1
18357	1
21139	1
20645	1
15485	1
16724	1
30978	1
40273	1
29048	1
34038	1
18964	1
18076	1
27939	1
35022	1
26045	1
38907	1
10998	1
32817	1
30938	1
38081	1
29932	1
14374	1
17197	1
28619	1
40284	1
33846	1
30095	1
27110	1
19013	1
20779	1
39269	1
21368	1
25237	1
29385	1
24874	1
11638	1
11907	1
11210	1
19491	1
13579	1
12903	1
14623	1
10492	1
33921	1
10592	1
33356	1
19167	1
19222	1
38550	1
18983	1
25286	1
28662	1
26091	1
25591	1
32626	1
35662	1
33015	1
41212	1
31147	1
38447	1
32178	1
40495	1
33411	1
15288	1
21826	1
27878	1
30924	1
39957	1
15684	1
24281	1
14912	1
35279	1
24006	1
25515	1
39036	1
20391	1
34535	1
24596	1
28207	1
30804	1
27285	1
28726	1
32793	1
34319	1
19757	1
19223	1
22884	1
20068	1
25279	1
29544	1
19498	1
19481	1
14878	1
24298	1
11086	1
17333	1
23990	1
35471	1
17361	1
33756	1
31213	1
23292	1
25543	1
17301	1
22321	1
16088	1
11553	1
27924	1
15652	1
32704	1
36981	1
32599	1
30438	1
32803	1
21446	1
15163	1
16768	1
24222	1
38878	1
15382	1
23224	1
17526	1
33078	1
17415	1
21205	1
23480	1
24916	1
23406	1
40389	1
37034	1
30461	1
12080	1
35062	1
32945	1
35437	1
34026	1
23246	1
37662	1
37642	1
28441	1
27467	1
40470	1
28708	1
30020	1
28687	1
28651	1
19840	1
12234	1
37475	1
39608	1
40892	1
31133	1
29697	1
16823	1
20347	1
10701	1
19752	1
12126	1
14956	1
13521	1
11491	1
36717	1
24095	1
12246	1
12448	1
17977	1
18041	1
26831	1
14622	1
18014	1
32340	1
14207	1
16473	1
15161	1
16173	1
15915	1
16321	1
13808	1
18000	1
30706	1
18535	1
28640	1
19428	1
19353	1
40620	1
34907	1
11725	1
39058	1
18935	1
18302	1
18309	1
18299	1
18296	1
18485	1
16395	1
17550	1
34909	1
20720	1
34013	1
21592	1
21691	1
23369	1
12292	1
29421	1
39377	1
34835	1
12283	1
31316	1
12911	1
39332	1
38844	1
13313	1
13265	1
11924	1
20664	1
33898	1
19902	1
25681	1
13247	1
18153	1
24018	1
17113	1
23944	1
13550	1
16221	1
18672	1
18661	1
18807	1
33864	1
18775	1
18655	1
18739	1
18858	1
18657	1
18766	1
13552	1
18782	1
37807	1
37877	1
28439	1
38496	1
38127	1
37658	1
38115	1
37747	1
28592	1
38134	1
25652	1
40950	1
37842	1
27702	1
23764	1
40732	1
14556	1
36191	1
38326	1
38954	1
19948	1
15450	1
19479	1
17707	1
19501	1
21720	1
19832	1
18082	1
21431	1
13975	1
37214	1
39248	1
40288	1
33614	1
37507	1
23669	1
21277	1
20386	1
22014	1
29105	1
27043	1
29104	1
34537	1
10804	1
11047	1
38452	1
39562	1
24508	1
37480	1
17556	1
25130	1
19387	1
14191	1
11018	1
38112	1
37824	1
38212	1
38807	1
33491	1
25692	1
23437	1
29441	1
23438	1
29161	1
26290	1
38744	1
40682	1
40422	1
22062	1
17485	1
18250	1
25434	1
11660	1
30747	1
32660	1
33922	1
33929	1
33935	1
33945	1
17711	1
32297	1
16349	1
24036	1
32811	1
35745	1
18549	1
35594	1
15880	1
35777	1
33818	1
32832	1
40904	1
29065	1
15296	1
23753	1
13560	1
41194	1
36311	1
24182	1
37723	1
23248	1
34805	1
41040	1
22038	1
15970	1
36601	1
28309	1
30108	1
20388	1
21747	1
33519	1
34913	1
18116	1
18663	1
34914	1
10545	1
39193	1
24969	1
38648	1
37434	1
36779	1
37543	1
23843	1
11061	1
37710	1
11003	1
15828	1
41279	1
12200	1
13778	1
10571	1
12526	1
33649	1
33045	1
23316	1
35626	1
31970	1
34970	1
35433	1
32932	1
40814	1
36178	1
38418	1
25880	1
31125	1
33279	1
36827	1
14081	1
12950	1
36330	1
35895	1
27260	1
13726	1
11625	1
17835	1
12143	1
36476	1
39426	1
39410	1
39625	1
22054	1
19985	1
11648	1
12797	1
38196	1
11069	1
12666	1
21782	1
14801	1
17133	1
26160	1
27679	1
25672	1
25667	1
11992	1
13482	1
11027	1
12467	1
17625	1
17795	1
25633	1
25481	1
25632	1
25590	1
18245	1
25642	1
18832	1
20713	1
18232	1
22528	1
17124	1
20182	1
18334	1
37177	1
16808	1
15956	1
37778	1
16775	1
39647	1
13688	1
27731	1
26391	1
13029	1
11915	1
28663	1
13277	1
10783	1
41185	1
24305	1
19255	1
30323	1
10954	1
12692	1
15655	1
17777	1
34394	1
37917	1
40469	1
40653	1
33831	1
29052	1
11455	1
27309	1
11226	1
17565	1
11243	1
30474	1
30148	1
23122	1
23174	1
28755	1
12212	1
19150	1
19011	1
19473	1
19232	1
25281	1
11360	1
12415	1
10323	1
12387	1
14473	1
14118	1
11501	1
11533	1
11362	1
13328	1
18085	1
27516	1
29892	1
14644	1
26210	1
33367	1
10657	1
11972	1
11287	1
37265	1
38427	1
23252	1
15319	1
38097	1
37526	1
37665	1
40718	1
19225	1
38229	1
31152	1
15201	1
40343	1
15646	1
36772	1
13168	1
13880	1
13408	1
29363	1
11075	1
11836	1
17818	1
18206	1
18172	1
17821	1
22811	1
22836	1
22823	1
32925	1
22831	1
20606	1
23469	1
16824	1
38403	1
11068	1
23706	1
39574	1
30991	1
15630	1
36279	1
18358	1
11967	1
18130	1
17944	1
14010	1
34682	1
10818	1
33511	1
34708	1
12101	1
10615	1
26251	1
27636	1
17679	1
33213	1
14286	1
14295	1
14063	1
13706	1
11763	1
20716	1
14363	1
10499	1
17413	1
10319	1
36755	1
17411	1
12279	1
16729	1
15410	1
15353	1
34114	1
10668	1
14408	1
10358	1
12281	1
10360	1
11700	1
20990	1
23447	1
10361	1
10362	1
12551	1
11457	1
12374	1
20760	1
10363	1
34121	1
13907	1
22384	1
37663	1
10369	1
24103	1
10370	1
14033	1
10371	1
10372	1
12630	1
17862	1
10373	1
12631	1
23736	1
13497	1
10375	1
34780	1
34787	1
15211	1
13498	1
15193	1
17394	1
21255	1
10378	1
10882	1
15611	1
23743	1
23741	1
22875	1
15602	1
21543	1
10380	1
18847	1
37072	1
10381	1
11053	1
11049	1
10383	1
12957	1
10384	1
15409	1
10385	1
20316	1
23642	1
10387	1
31312	1
19187	1
12289	1
33621	1
23870	1
12186	1
23547	1
23306	1
12286	1
33974	1
11929	1
23089	1
34118	1
36738	1
30594	1
21693	1
38806	1
33558	1
40410	1
40616	1
10398	1
34100	1
33997	1
33554	1
34186	1
33274	1
35700	1
34464	1
33583	1
13445	1
12561	1
14576	1
18301	1
10402	1
12135	1
17871	1
22344	1
34202	1
18369	1
10407	1
29390	1
17810	1
26411	1
16826	1
34548	1
17589	1
10412	1
25390	1
20558	1
34248	1
31630	1
37202	1
32562	1
20357	1
13604	1
10416	1
12606	1
39600	1
34730	1
32320	1
34465	1
10419	1
12746	1
13423	1
12427	1
13301	1
10421	1
33798	1
12596	1
39451	1
23525	1
31350	1
18236	1
10422	1
12597	1
20599	1
10423	1
10424	1
29489	1
29404	1
27364	1
29417	1
27086	1
29420	1
27122	1
27317	1
27222	1
10425	1
12600	1
10426	1
12601	1
21704	1
23526	1
21522	1
10429	1
17464	1
10955	1
12297	1
40959	1
13563	1
33579	1
10435	1
32579	1
10489	1
10438	1
12179	1
13428	1
13421	1
35186	1
10439	1
12530	1
16174	1
10441	1
12290	1
39896	1
10444	1
38927	1
41278	1
12303	1
10652	1
10854	1
10451	1
32745	1
10452	1
37998	1
13833	1
34643	1
32377	1
24010	1
17519	1
12364	1
12307	1
31620	1
27539	1
18391	1
25262	1
20248	1
22362	1
18944	1
23954	1
37820	1
16232	1
32899	1
34146	1
34157	1
28211	1
11025	1
11527	1
13729	1
30131	1
28342	1
22957	1
32575	1
34308	1
24512	1
21823	1
13601	1
14562	1
13360	1
13609	1
26403	1
29085	1
10770	1
10665	1
13919	1
26046	1
13142	1
13336	1
20953	1
17151	1
29542	1
39137	1
39595	1
12849	1
12838	1
30142	1
35181	1
15516	1
15818	1
14070	1
10826	1
13145	1
13671	1
27953	1
12885	1
19587	1
19575	1
13039	1
21213	1
22784	1
29165	1
14139	1
17903	1
27861	1
12996	1
20048	1
21631	1
40631	1
11740	1
22799	1
22378	1
22571	1
15670	1
13545	1
22476	1
16733	1
13892	1
37037	1
32662	1
12499	1
10758	1
18424	1
23478	1
23470	1
23475	1
10928	1
10853	1
13809	1
22451	1
27210	1
31999	1
13436	1
14693	1
10481	1
11324	1
10515	1
14360	1
13380	1
10950	1
17942	1
22532	1
11032	1
19678	1
25924	1
28315	1
13812	1
27553	1
11928	1
15804	1
12828	1
13681	1
39622	1
12267	1
12430	1
11561	1
11581	1
12417	1
11188	1
35266	1
12992	1
20743	1
27361	1
27669	1
40822	1
23857	1
18618	1
39584	1
13582	1
19899	1
25788	1
28236	1
24026	1
34451	1
36324	1
18197	1
10938	1
23098	1
21709	1
21732	1
25409	1
32798	1
41248	1
36917	1
36922	1
21405	1
21403	1
16028	1
22511	1
21404	1
36447	1
21737	1
12677	1
34130	1
36925	1
34547	1
11888	1
12999	1
27233	1
16402	1
40278	1
16964	1
11118	1
23027	1
40860	1
20346	1
23351	1
40357	1
12966	1
17504	1
37915	1
36939	1
16271	1
36822	1
40494	1
37554	1
20385	1
27436	1
36940	1
23623	1
40696	1
36942	1
33748	1
23571	1
39029	1
33998	1
39020	1
36583	1
32836	1
32840	1
25453	1
12358	1
18713	1
25102	1
36945	1
34269	1
32751	1
34154	1
31939	1
37893	1
34190	1
20432	1
26853	1
22063	1
10873	1
18365	1
18220	1
36948	1
36993	1
23550	1
39389	1
39649	1
32359	1
32658	1
31150	1
31310	1
36950	1
36952	1
21701	1
31422	1
40569	1
36954	1
36760	1
28282	1
27574	1
25941	1
25942	1
25945	1
25498	1
24027	1
11814	1
10329	1
41305	1
41337	1
17923	1
30446	1
22165	1
22416	1
22167	1
30802	1
22166	1
40289	1
41339	1
40578	1
38401	1
41266	1
38879	1
39015	1
41341	1
23982	1
15715	1
37942	1
21470	1
41343	1
16510	1
37066	1
21816	1
41344	1
41345	1
30801	1
22503	1
18946	1
40519	1
41346	1
41137	1
37120	1
41198	1
16684	1
31708	1
41350	1
41351	1
30133	1
38484	1
41355	1
40869	1
19189	1
40499	1
29192	1
21785	1
22232	1
41358	1
27570	1
27567	1
27557	1
27564	1
27571	1
27604	1
27592	1
27760	1
20309	1
35585	1
12927	1
11381	1
10953	1
10520	1
12235	1
13554	1
33901	1
16396	1
12270	1
11391	1
12253	1
10506	1
10576	1
16449	1
11916	1
32246	1
37859	1
15667	1
11343	1
11461	1
16998	1
21240	1
21410	1
17230	1
21115	1
11180	1
12280	1
22830	1
14155	1
13850	1
37130	1
18591	1
13536	1
13804	1
19660	1
10483	1
10685	1
20393	1
10862	1
11670	1
13342	1
27371	1
33881	1
12328	1
10712	1
11736	1
23756	1
18170	1
17284	1
13127	1
14773	1
14952	1
35137	1
33378	1
32600	1
30749	1
22264	1
24117	1
28378	1
38880	1
13444	1
13323	1
25662	1
37693	1
39095	1
19463	1
10345	1
30058	1
35534	1
18122	1
29055	1
13339	1
13442	1
40043	1
33884	1
19767	1
13022	1
14728	1
19890	1
24547	1
24569	1
17161	1
25929	1
29629	1
29006	1
26155	1
28997	1
26184	1
26497	1
28242	1
26908	1
30008	1
28892	1
25907	1
24345	1
24338	1
22307	1
24232	1
24520	1
24505	1
24258	1
24702	1
16348	1
12708	1
16038	1
33602	1
33732	1
27646	1
38265	1
32374	1
24326	1
30109	1
39222	1
24008	1
37085	1
24120	1
15059	1
31174	1
31371	1
35226	1
34908	1
25340	1
12045	1
41095	1
32630	1
34542	1
16083	1
31797	1
39606	1
21453	1
13836	1
28349	1
40307	1
35319	1
36256	1
20304	1
14850	1
27687	1
23915	1
17688	1
34672	1
39508	1
18035	1
31271	1
19971	1
14082	1
23784	1
17876	1
31541	1
15383	1
23087	1
23258	1
23909	1
21062	1
17506	1
21351	1
11198	1
13149	1
11017	1
19821	1
14261	1
15876	1
18204	1
23422	1
34471	1
14709	1
13683	1
36239	1
34475	1
14516	1
34217	1
16242	1
32499	1
12117	1
18487	1
18051	1
37678	1
39640	1
28694	1
30816	1
28900	1
28617	1
28703	1
22230	1
27531	1
30423	1
27969	1
25726	1
18323	1
18326	1
28811	1
18320	1
23059	1
14743	1
28962	1
28538	1
21911	1
23014	1
18455	1
28670	1
28473	1
18452	1
21926	1
28545	1
28480	1
28546	1
28526	1
19266	1
28589	1
28775	1
28762	1
23783	1
39665	1
18515	1
32235	1
12222	1
15008	1
14020	1
10700	1
14019	1
33223	1
23435	1
14335	1
39402	1
35293	1
37295	1
30745	1
18308	1
23890	1
31975	1
18002	1
26414	1
17827	1
18419	1
26042	1
32607	1
14005	1
24163	1
12503	1
12188	1
15238	1
13239	1
33816	1
13143	1
15599	1
30136	1
15146	1
20745	1
13236	1
13693	1
11831	1
11072	1
19010	1
23862	1
39262	1
41136	1
20886	1
27676	1
20517	1
24146	1
22403	1
36364	1
13740	1
16001	1
23796	1
17811	1
16654	1
23456	1
11116	1
12615	1
17745	1
16157	1
23636	1
40137	1
18224	1
20143	1
14981	1
40761	1
40751	1
33381	1
18401	1
18386	1
40185	1
12824	1
18330	1
25093	1
18565	1
19734	1
24810	1
24721	1
30228	1
28586	1
28573	1
28551	1
29863	1
18439	1
18362	1
35443	1
25530	1
29856	1
26744	1
33834	1
23175	1
14130	1
39986	1
40617	1
21551	1
21544	1
12808	1
37481	1
27523	1
18521	1
38523	1
26687	1
19364	1
39082	1
19685	1
29426	1
29354	1
18348	1
18700	1
18793	1
18393	1
15689	1
22564	1
22272	1
29298	1
27818	1
19294	1
14233	1
28466	1
38524	1
24794	1
14239	1
40108	1
40162	1
36668	1
18132	1
16393	1
29643	1
24515	1
12249	1
29155	1
29898	1
28313	1
18221	1
24385	1
10746	1
11919	1
20550	1
32593	1
28432	1
14140	1
27493	1
28343	1
17522	1
27025	1
29968	1
27962	1
17150	1
17386	1
17308	1
14521	1
34996	1
35653	1
37644	1
15556	1
33290	1
15675	1
16145	1
32144	1
13868	1
17072	1
16930	1
29103	1
27213	1
29095	1
23693	1
23312	1
18837	1
26018	1
39001	1
16453	1
33594	1
36724	1
27239	1
37519	1
33125	1
22359	1
29490	1
30371	1
27206	1
12445	1
33185	1
19646	1
19735	1
19728	1
19370	1
19737	1
37129	1
17648	1
37369	1
40833	1
12661	1
10905	1
11732	1
10921	1
15854	1
22786	1
20611	1
10339	1
19109	1
34703	1
31181	1
39173	1
25327	1
11921	1
12507	1
10484	1
20069	1
25705	1
27425	1
19939	1
14714	1
18707	1
10784	1
17996	1
14935	1
14212	1
11432	1
14416	1
14600	1
11194	1
11890	1
37777	1
37766	1
38354	1
33294	1
38043	1
18706	1
12150	1
30087	1
13119	1
14104	1
13503	1
17974	1
13082	1
17248	1
17603	1
35176	1
31907	1
35634	1
34552	1
32281	1
33210	1
15375	1
15468	1
10637	1
22031	1
17443	1
17549	1
17120	1
35752	1
36825	1
17467	1
15551	1
15309	1
14707	1
12216	1
15497	1
15354	1
37437	1
21137	1
41174	1
14095	1
17008	1
15584	1
33288	1
34279	1
33205	1
16494	1
38595	1
17424	1
15253	1
16543	1
11476	1
17291	1
15785	1
16814	1
33077	1
17055	1
16675	1
15052	1
16335	1
17762	1
37181	1
38912	1
39286	1
11390	1
16286	1
16666	1
11675	1
17675	1
10844	1
10889	1
15351	1
36995	1
11195	1
16535	1
15560	1
28377	1
30173	1
34887	1
13397	1
15531	1
16894	1
17182	1
39836	1
32698	1
15077	1
12316	1
40910	1
13410	1
35158	1
15473	1
16578	1
16809	1
18214	1
16762	1
17683	1
17057	1
16953	1
17667	1
35631	1
34658	1
31731	1
16307	1
15756	1
17496	1
16358	1
17083	1
33790	1
14065	1
15809	1
34902	1
15751	1
20367	1
15758	1
16392	1
16714	1
10833	1
11744	1
17044	1
17684	1
17588	1
16077	1
16052	1
31607	1
17256	1
21540	1
16865	1
21568	1
