Book,RefCount,verseCount,NormalizedReference
Malachi,97,55,1.7636363636363637
Zechariah,293,211,1.3886255924170616
Isaiah,1764,1292,1.3653250773993808
Deuteronomy,1166,959,1.21584984358707
Micah,119,105,1.1333333333333333
Matthew,1200,1071,1.1204481792717087
Luke,1233,1151,1.0712423979148566
Ezekiel,1346,1273,1.0573448546739985
Revelation,403,404,0.9975247524752475
Mark,673,678,0.9926253687315634
2 Peter,59,61,0.9672131147540983
Obadiah,20,21,0.9523809523809523
Amos,137,146,0.9383561643835616
2 Thessalonians,44,47,0.9361702127659575
Jeremiah,1266,1364,0.9281524926686217
Zephaniah,48,53,0.9056603773584906
Haggai,34,38,0.8947368421052632
John,776,879,0.8828213879408419
Joel,64,73,0.8767123287671232
3 John,12,14,0.8571428571428571
Jonah,41,48,0.8541666666666666
Acts,860,1007,0.8540218470705064
1 Peter,85,105,0.8095238095238095
Psalms,1887,2461,0.7667614790735473
1 John,80,105,0.7619047619047619
Genesis,1159,1533,0.7560339204174821
Romans,323,433,0.745958429561201
Hosea,145,197,0.7360406091370558
1 Thessalonians,61,89,0.6853932584269663
Galatians,100,149,0.6711409395973155
Exodus,771,1213,0.6356141797197032
2 Chronicles,514,822,0.6253041362530414
Habakkuk,35,56,0.625
James,66,108,0.6111111111111112
Leviticus,523,859,0.6088474970896391
Judges,360,618,0.5825242718446602
Hebrews,176,303,0.5808580858085809
Daniel,206,357,0.5770308123249299
1 Corinthians,248,437,0.5675057208237986
Colossians,52,95,0.5473684210526316
2 Kings,392,719,0.545201668984701
2 Corinthians,138,257,0.5369649805447471
Lamentations,81,154,0.525974025974026
2 Timothy,43,83,0.5180722891566265
Ephesians,80,155,0.5161290322580645
Philippians,52,104,0.5
Nehemiah,191,406,0.47044334975369456
Nahum,22,47,0.46808510638297873
Proverbs,407,915,0.4448087431693989
1 Kings,358,816,0.4387254901960784
Numbers,501,1288,0.3889751552795031
2 John,5,13,0.38461538461538464
2 Samuel,266,695,0.38273381294964026
Joshua,243,658,0.36930091185410335
Philemon,9,25,0.36
Job,384,1070,0.35887850467289717
Ezra,100,280,0.35714285714285715
1 Samuel,287,810,0.35432098765432096
Titus,15,46,0.32608695652173914
Ecclesiastes,71,222,0.31981981981981983
1 Chronicles,285,942,0.30254777070063693
Jude,7,25,0.28
1 Timothy,31,113,0.2743362831858407
Ruth,17,85,0.2
Esther,13,167,0.07784431137724551
Solomon's Song,7,117,0.05982905982905983
