6643	41944	
6672	5676	5332	10436	12527	
6712	5676	12527	
6853	5676	12527	
6883	5676	12527	
6888	41975	
6893	5676	12527	
6992	2012	
7085	6454	
7086	6455	
7087	6456	
7168	16464	
7169	16466	
7209	6353	
7214	11162	
7285	13162	
7292	40557	
7378	13162	
7435	20281	
7439	20280	
7576	41861	11082	41881	
7591	40557	
7839	11105	11861	12972	41886	
7935	2010	15388	
8035	18174	
8169	5993	12002	
8265	15614	
8324	13352	
8578	36540	
8592	5323	
8629	18206	
8970	2644	12147	10315	
9032	12768	
9033	12768	
9034	12768	
9146	12803	
9147	12804	
9165	37133	
9618	5993	12002	
9719	10999	
9725	10999	
10032	10858	
10092	37101	
10097	37104	
10105	37090	
10121	794	36880	
10204	17555	
10205	17556	
10206	17557	
10207	17565	
