Book,RefCount,verseCount,NormalizedReference
Zechariah,40,211,0.1895734597156398
Revelation,76,404,0.18811881188118812
Ezekiel,205,1273,0.1610369206598586
Deuteronomy,144,959,0.15015641293013557
Isaiah,190,1292,0.14705882352941177
Jonah,7,48,0.14583333333333334
3 John,2,14,0.14285714285714285
Jeremiah,193,1364,0.14149560117302054
Daniel,46,357,0.12885154061624648
Exodus,153,1213,0.1261335531739489
Genesis,191,1533,0.12459230267449445
Luke,129,1151,0.11207645525629888
Acts,112,1007,0.1112214498510427
Amos,15,146,0.10273972602739725
Nehemiah,39,406,0.0960591133004926
Judges,57,618,0.09223300970873786
Hosea,17,197,0.08629441624365482
Micah,9,105,0.08571428571428572
John,73,879,0.08304891922639362
Mark,54,678,0.07964601769911504
Matthew,84,1071,0.0784313725490196
2 Chronicles,60,822,0.072992700729927
Psalms,175,2461,0.07110930516050386
1 Kings,54,816,0.0661764705882353
Nahum,3,47,0.06382978723404255
Ezra,17,280,0.060714285714285714
Zephaniah,3,53,0.05660377358490566
Joshua,36,658,0.0547112462006079
Malachi,3,55,0.05454545454545454
Galatians,8,149,0.053691275167785234
Habakkuk,3,56,0.05357142857142857
Colossians,5,95,0.05263157894736842
Romans,22,433,0.050808314087759814
Leviticus,43,859,0.050058207217694994
2 Kings,35,719,0.048678720445062586
Obadiah,1,21,0.047619047619047616
Numbers,59,1288,0.04580745341614907
Lamentations,7,154,0.045454545454545456
Ecclesiastes,10,222,0.04504504504504504
2 Thessalonians,2,47,0.0425531914893617
Hebrews,11,303,0.036303630363036306
Job,37,1070,0.03457943925233645
2 Peter,2,61,0.03278688524590164
1 John,3,105,0.02857142857142857
Proverbs,26,915,0.02841530054644809
James,3,108,0.027777777777777776
Joel,2,73,0.0273972602739726
2 Corinthians,7,257,0.027237354085603113
Ephesians,4,155,0.025806451612903226
1 Corinthians,11,437,0.02517162471395881
Ruth,2,85,0.023529411764705882
2 Samuel,16,695,0.02302158273381295
1 Thessalonians,2,89,0.02247191011235955
1 Samuel,16,810,0.019753086419753086
1 Chronicles,17,942,0.018046709129511677
Solomon's Song,2,117,0.017094017094017096
2 Timothy,1,83,0.012048192771084338
Philippians,1,104,0.009615384615384616
1 Peter,1,105,0.009523809523809525
