Book,RefCount,verseCount,NormalizedReference
Isaiah,917,1292,0.7097523219814241
Haggai,21,38,0.5526315789473685
Obadiah,11,21,0.5238095238095238
Zechariah,106,211,0.5023696682464455
Zephaniah,26,53,0.49056603773584906
Joel,35,73,0.4794520547945205
Malachi,26,55,0.4727272727272727
Micah,47,105,0.44761904761904764
Hosea,73,197,0.37055837563451777
Amos,52,146,0.3561643835616438
Jeremiah,412,1364,0.3020527859237537
Ezekiel,345,1273,0.27101335428122547
Deuteronomy,233,959,0.2429614181438999
Psalms,523,2461,0.21251523770824868
Habakkuk,10,56,0.17857142857142858
Lamentations,25,154,0.16233766233766234
Romans,67,433,0.15473441108545036
Revelation,59,404,0.14603960396039603
Genesis,215,1533,0.14024787997390736
Proverbs,121,915,0.13224043715846995
2 Peter,8,61,0.13114754098360656
Daniel,43,357,0.12044817927170869
Jude,3,25,0.12
Leviticus,96,859,0.11175785797438882
2 Kings,80,719,0.11126564673157163
Titus,5,46,0.10869565217391304
2 Timothy,9,83,0.10843373493975904
Exodus,126,1213,0.10387469084913438
1 Peter,10,105,0.09523809523809523
Luke,104,1151,0.09035621198957429
Matthew,96,1071,0.0896358543417367
Nahum,4,47,0.0851063829787234
Galatians,12,149,0.08053691275167785
2 Chronicles,66,822,0.08029197080291971
1 Timothy,9,113,0.07964601769911504
2 Corinthians,20,257,0.07782101167315175
Acts,77,1007,0.07646474677259185
Hebrews,23,303,0.07590759075907591
Colossians,7,95,0.07368421052631578
Job,76,1070,0.07102803738317758
Mark,47,678,0.06932153392330384
Philippians,7,104,0.0673076923076923
1 John,7,105,0.06666666666666667
Ephesians,10,155,0.06451612903225806
2 Thessalonians,3,47,0.06382978723404255
John,56,879,0.06370875995449374
1 Samuel,51,810,0.06296296296296296
Numbers,81,1288,0.06288819875776397
Jonah,3,48,0.0625
2 Samuel,40,695,0.05755395683453238
James,6,108,0.05555555555555555
1 Corinthians,24,437,0.05491990846681922
Ezra,14,280,0.05
1 Kings,40,816,0.049019607843137254
Judges,30,618,0.04854368932038835
Joshua,31,658,0.04711246200607903
Ruth,4,85,0.047058823529411764
1 Thessalonians,4,89,0.0449438202247191
Philemon,1,25,0.04
Ecclesiastes,8,222,0.036036036036036036
1 Chronicles,31,942,0.032908704883227176
Nehemiah,13,406,0.03201970443349754
Solomon's Song,1,117,0.008547008547008548
Esther,1,167,0.005988023952095809
