Book,RefCount,verseCount,NormalizedReference
Malachi,39,55,0.7090909090909091
Matthew,497,1071,0.46405228758169936
John,239,879,0.27189988623435724
Luke,307,1151,0.26672458731537796
Obadiah,5,21,0.23809523809523808
Mark,161,678,0.2374631268436578
Micah,24,105,0.22857142857142856
Deuteronomy,189,959,0.19708029197080293
Zechariah,40,211,0.1895734597156398
Amos,26,146,0.1780821917808219
Ezekiel,216,1273,0.16967792615868027
Acts,165,1007,0.16385302879841113
Revelation,64,404,0.15841584158415842
Joel,11,73,0.1506849315068493
Isaiah,180,1292,0.1393188854489164
Jeremiah,178,1364,0.13049853372434017
Leviticus,99,859,0.11525029103608847
2 Thessalonians,5,47,0.10638297872340426
Romans,45,433,0.10392609699769054
Genesis,157,1533,0.10241356816699282
James,11,108,0.10185185185185185
1 Peter,10,105,0.09523809523809523
1 Corinthians,37,437,0.08466819221967964
Jonah,4,48,0.08333333333333333
2 Peter,5,61,0.08196721311475409
Galatians,12,149,0.08053691275167785
Jude,2,25,0.08
1 Thessalonians,7,89,0.07865168539325842
Exodus,95,1213,0.07831821929101401
Zephaniah,4,53,0.07547169811320754
1 Kings,61,816,0.07475490196078431
Psalms,181,2461,0.07354733848029256
Habakkuk,4,56,0.07142857142857142
3 John,1,14,0.07142857142857142
1 Samuel,54,810,0.06666666666666667
Numbers,85,1288,0.06599378881987578
Nahum,3,47,0.06382978723404255
Hebrews,19,303,0.0627062706270627
Judges,37,618,0.059870550161812294
2 Kings,42,719,0.0584144645340751
Hosea,11,197,0.05583756345177665
2 Chronicles,45,822,0.05474452554744526
Haggai,2,38,0.05263157894736842
Job,55,1070,0.0514018691588785
Ruth,4,85,0.047058823529411764
Nehemiah,19,406,0.046798029556650245
2 Corinthians,12,257,0.04669260700389105
Daniel,16,357,0.04481792717086835
Titus,2,46,0.043478260869565216
Joshua,28,658,0.0425531914893617
Lamentations,6,154,0.03896103896103896
Ephesians,6,155,0.03870967741935484
2 Timothy,3,83,0.03614457831325301
Ezra,10,280,0.03571428571428571
1 Chronicles,31,942,0.032908704883227176
2 Samuel,21,695,0.030215827338129497
1 John,3,105,0.02857142857142857
Proverbs,24,915,0.02622950819672131
Colossians,2,95,0.021052631578947368
Philippians,2,104,0.019230769230769232
1 Timothy,2,113,0.017699115044247787
Ecclesiastes,3,222,0.013513513513513514
Esther,1,167,0.005988023952095809
