Book,RefCount,verseCount,NormalizedReference
3 John,5,14,0.35714285714285715
2 Thessalonians,16,47,0.3404255319148936
Malachi,17,55,0.3090909090909091
2 Peter,18,61,0.29508196721311475
1 Peter,30,105,0.2857142857142857
Jonah,12,48,0.25
1 Thessalonians,22,89,0.24719101123595505
Mark,155,678,0.22861356932153393
Luke,256,1151,0.22241529105125976
James,24,108,0.2222222222222222
Deuteronomy,210,959,0.21897810218978103
Habakkuk,12,56,0.21428571428571427
Zechariah,45,211,0.2132701421800948
Hebrews,60,303,0.19801980198019803
Acts,185,1007,0.18371400198609733
1 John,19,105,0.18095238095238095
Revelation,73,404,0.1806930693069307
Colossians,17,95,0.17894736842105263
Psalms,440,2461,0.17878911011783827
John,157,879,0.17861205915813425
Philippians,18,104,0.17307692307692307
Matthew,185,1071,0.17273576097105509
Leviticus,134,859,0.1559953434225844
Ephesians,24,155,0.15483870967741936
Romans,65,433,0.15011547344110854
Judges,91,618,0.14724919093851133
2 Corinthians,36,257,0.14007782101167315
1 Corinthians,60,437,0.13729977116704806
Ezekiel,173,1273,0.1358994501178319
2 Samuel,94,695,0.13525179856115108
Galatians,20,149,0.1342281879194631
2 Timothy,11,83,0.13253012048192772
2 Chronicles,99,822,0.12043795620437957
Proverbs,110,915,0.12021857923497267
Isaiah,152,1292,0.11764705882352941
2 Kings,81,719,0.11265646731571627
Nehemiah,44,406,0.10837438423645321
Genesis,165,1533,0.10763209393346379
Jeremiah,143,1364,0.10483870967741936
Exodus,123,1213,0.10140148392415499
Lamentations,15,154,0.09740259740259741
Zephaniah,5,53,0.09433962264150944
Ezra,26,280,0.09285714285714286
1 Kings,73,816,0.08946078431372549
Daniel,30,357,0.08403361344537816
Amos,12,146,0.0821917808219178
Hosea,16,197,0.08121827411167512
1 Timothy,9,113,0.07964601769911504
Joshua,51,658,0.07750759878419453
2 John,1,13,0.07692307692307693
Job,78,1070,0.07289719626168224
Numbers,91,1288,0.07065217391304347
Micah,7,105,0.06666666666666667
1 Chronicles,62,942,0.06581740976645435
Ecclesiastes,14,222,0.06306306306306306
1 Samuel,45,810,0.05555555555555555
Joel,4,73,0.0547945205479452
Esther,9,167,0.05389221556886228
Obadiah,1,21,0.047619047619047616
Titus,2,46,0.043478260869565216
Philemon,1,25,0.04
Haggai,1,38,0.02631578947368421
Ruth,2,85,0.023529411764705882
