Book,RefCount,verseCount,NormalizedReference
Jonah,7,48,0.14583333333333334
Genesis,172,1533,0.11219830397912589
2 Kings,66,719,0.0917941585535466
Deuteronomy,73,959,0.07612095933263817
1 Chronicles,68,942,0.07218683651804671
2 Chronicles,58,822,0.0705596107055961
2 Peter,4,61,0.06557377049180328
Mark,40,678,0.058997050147492625
1 John,6,105,0.05714285714285714
Revelation,23,404,0.05693069306930693
Luke,61,1151,0.052997393570807995
John,46,879,0.05233219567690557
2 Corinthians,13,257,0.05058365758754864
Matthew,52,1071,0.04855275443510738
Daniel,17,357,0.047619047619047616
1 Kings,35,816,0.0428921568627451
2 Thessalonians,2,47,0.0425531914893617
Acts,42,1007,0.041708043694141016
Philemon,1,25,0.04
Nehemiah,16,406,0.03940886699507389
Ezekiel,48,1273,0.037706205813040065
Ruth,3,85,0.03529411764705882
Romans,15,433,0.03464203233256351
Exodus,42,1213,0.03462489694971146
Isaiah,42,1292,0.032507739938080496
Ecclesiastes,7,222,0.03153153153153153
Numbers,38,1288,0.029503105590062112
Zechariah,6,211,0.02843601895734597
1 Samuel,23,810,0.028395061728395062
Amos,4,146,0.0273972602739726
Jeremiah,36,1364,0.026392961876832845
Psalms,62,2461,0.02519301097114994
Joshua,16,658,0.0243161094224924
Judges,15,618,0.024271844660194174
Colossians,2,95,0.021052631578947368
2 Samuel,14,695,0.02014388489208633
Ephesians,3,155,0.01935483870967742
Micah,2,105,0.01904761904761905
1 Peter,2,105,0.01904761904761905
Zephaniah,1,53,0.018867924528301886
James,2,108,0.018518518518518517
Malachi,1,55,0.01818181818181818
Habakkuk,1,56,0.017857142857142856
Solomon's Song,2,117,0.017094017094017096
Hebrews,5,303,0.0165016501650165
1 Corinthians,7,437,0.016018306636155607
Leviticus,13,859,0.015133876600698487
Ezra,4,280,0.014285714285714285
Job,15,1070,0.014018691588785047
Lamentations,2,154,0.012987012987012988
2 Timothy,1,83,0.012048192771084338
1 Thessalonians,1,89,0.011235955056179775
Hosea,2,197,0.01015228426395939
Philippians,1,104,0.009615384615384616
Galatians,1,149,0.006711409395973154
Proverbs,5,915,0.00546448087431694
