Book,RefCount,verseCount,NormalizedReference
Amos,13,146,0.08904109589041095
Revelation,35,404,0.08663366336633663
1 John,9,105,0.08571428571428572
Mark,53,678,0.07817109144542773
Jeremiah,101,1364,0.07404692082111437
Luke,85,1151,0.0738488271068636
Deuteronomy,68,959,0.07090719499478623
Ezekiel,88,1273,0.06912804399057344
Micah,7,105,0.06666666666666667
2 Peter,4,61,0.06557377049180328
2 Thessalonians,3,47,0.06382978723404255
Zechariah,13,211,0.061611374407582936
Matthew,63,1071,0.058823529411764705
1 Peter,6,105,0.05714285714285714
Malachi,3,55,0.05454545454545454
Isaiah,70,1292,0.05417956656346749
Habakkuk,3,56,0.05357142857142857
Obadiah,1,21,0.047619047619047616
Genesis,70,1533,0.045662100456621
John,40,879,0.04550625711035267
Ephesians,7,155,0.04516129032258064
Acts,45,1007,0.044687189672293945
Jonah,2,48,0.041666666666666664
Joel,3,73,0.0410958904109589
1 Samuel,33,810,0.040740740740740744
Philemon,1,25,0.04
Jude,1,25,0.04
Judges,24,618,0.038834951456310676
Zephaniah,2,53,0.03773584905660377
Psalms,92,2461,0.037383177570093455
Hebrews,11,303,0.036303630363036306
Exodus,40,1213,0.03297609233305853
Leviticus,27,859,0.03143189755529686
Hosea,6,197,0.030456852791878174
Philippians,3,104,0.028846153846153848
Job,29,1070,0.027102803738317756
Galatians,4,149,0.026845637583892617
1 Timothy,3,113,0.02654867256637168
Haggai,1,38,0.02631578947368421
Proverbs,24,915,0.02622950819672131
Romans,11,433,0.025404157043879907
Daniel,9,357,0.025210084033613446
2 Corinthians,6,257,0.023346303501945526
Ecclesiastes,5,222,0.02252252252252252
1 Thessalonians,2,89,0.02247191011235955
Titus,1,46,0.021739130434782608
Nahum,1,47,0.02127659574468085
Colossians,2,95,0.021052631578947368
2 Chronicles,17,822,0.02068126520681265
Lamentations,3,154,0.01948051948051948
2 Kings,14,719,0.019471488178025034
Numbers,25,1288,0.019409937888198756
James,2,108,0.018518518518518517
Joshua,12,658,0.0182370820668693
1 Chronicles,14,942,0.014861995753715499
Nehemiah,6,406,0.014778325123152709
2 Samuel,10,695,0.014388489208633094
Ezra,4,280,0.014285714285714285
1 Corinthians,6,437,0.013729977116704805
1 Kings,11,816,0.013480392156862746
2 Timothy,1,83,0.012048192771084338
Solomon's Song,1,117,0.008547008547008548
