Book,RefCount,verseCount,NormalizedReference
Haggai,8,38,0.21052631578947367
2 John,2,13,0.15384615384615385
3 John,1,14,0.07142857142857142
1 Thessalonians,6,89,0.06741573033707865
Zechariah,13,211,0.061611374407582936
2 Peter,3,61,0.04918032786885246
Amos,7,146,0.04794520547945205
Micah,5,105,0.047619047619047616
1 Peter,5,105,0.047619047619047616
Romans,19,433,0.04387990762124711
Luke,43,1151,0.03735881841876629
Malachi,2,55,0.03636363636363636
Mark,24,678,0.035398230088495575
Ezekiel,42,1273,0.032992930086410056
Isaiah,42,1292,0.032507739938080496
Ephesians,5,155,0.03225806451612903
Genesis,49,1533,0.0319634703196347
Matthew,32,1071,0.029878618113912233
Jeremiah,40,1364,0.02932551319648094
John,19,879,0.02161547212741752
Psalms,53,2461,0.021535960991466884
Nahum,1,47,0.02127659574468085
Galatians,3,149,0.020134228187919462
Deuteronomy,19,959,0.01981230448383733
Revelation,8,404,0.019801980198019802
2 Corinthians,5,257,0.019455252918287938
Leviticus,14,859,0.01629802095459837
Judges,10,618,0.016181229773462782
1 Corinthians,7,437,0.016018306636155607
Acts,16,1007,0.015888778550148957
Joel,1,73,0.0136986301369863
Hebrews,4,303,0.013201320132013201
Lamentations,2,154,0.012987012987012988
2 Timothy,1,83,0.012048192771084338
Proverbs,11,915,0.012021857923497269
1 Kings,9,816,0.011029411764705883
Ezra,3,280,0.010714285714285714
Hosea,2,197,0.01015228426395939
Exodus,12,1213,0.00989282769991756
2 Chronicles,8,822,0.009732360097323601
Philippians,1,104,0.009615384615384616
James,1,108,0.009259259259259259
Ecclesiastes,2,222,0.009009009009009009
1 Timothy,1,113,0.008849557522123894
Solomon's Song,1,117,0.008547008547008548
Numbers,10,1288,0.007763975155279503
1 Chronicles,7,942,0.0074309978768577496
Job,7,1070,0.0065420560747663555
Esther,1,167,0.005988023952095809
Daniel,2,357,0.0056022408963585435
2 Kings,4,719,0.005563282336578581
1 Samuel,4,810,0.0049382716049382715
Nehemiah,2,406,0.0049261083743842365
Joshua,3,658,0.004559270516717325
2 Samuel,3,695,0.004316546762589928
