Book,RefCount,verseCount,NormalizedReference
2 Peter,5,61,0.08196721311475409
Philemon,2,25,0.08
Obadiah,1,21,0.047619047619047616
1 John,5,105,0.047619047619047616
Micah,5,105,0.047619047619047616
2 Corinthians,11,257,0.042801556420233464
Ezekiel,54,1273,0.04241948153967007
Jonah,2,48,0.041666666666666664
Joel,3,73,0.0410958904109589
Zechariah,8,211,0.037914691943127965
Zephaniah,2,53,0.03773584905660377
Habakkuk,2,56,0.03571428571428571
Deuteronomy,34,959,0.035453597497393116
John,30,879,0.034129692832764506
Revelation,13,404,0.03217821782178218
Joshua,20,658,0.030395136778115502
Romans,13,433,0.03002309468822171
Hebrews,9,303,0.0297029702970297
Amos,4,146,0.0273972602739726
Galatians,4,149,0.026845637583892617
Isaiah,34,1292,0.02631578947368421
Ephesians,4,155,0.025806451612903226
Hosea,5,197,0.025380710659898477
1 Corinthians,11,437,0.02517162471395881
1 Thessalonians,2,89,0.02247191011235955
Mark,15,678,0.022123893805309734
Nahum,1,47,0.02127659574468085
Matthew,22,1071,0.02054154995331466
Acts,20,1007,0.019860973187686197
Lamentations,3,154,0.01948051948051948
1 Peter,2,105,0.01904761904761905
Jeremiah,25,1364,0.018328445747800588
2 Chronicles,15,822,0.01824817518248175
Luke,21,1151,0.018245004344048653
Psalms,41,2461,0.016659894351889477
Proverbs,13,915,0.014207650273224045
Leviticus,11,859,0.012805587892898719
1 Samuel,10,810,0.012345679012345678
2 Timothy,1,83,0.012048192771084338
1 Chronicles,11,942,0.01167728237791932
Colossians,1,95,0.010526315789473684
Job,11,1070,0.010280373831775701
Exodus,12,1213,0.00989282769991756
James,1,108,0.009259259259259259
Genesis,14,1533,0.0091324200913242
Ecclesiastes,2,222,0.009009009009009009
1 Timothy,1,113,0.008849557522123894
2 Samuel,6,695,0.008633093525179856
Judges,5,618,0.008090614886731391
Nehemiah,3,406,0.007389162561576354
1 Kings,6,816,0.007352941176470588
Numbers,9,1288,0.006987577639751553
2 Kings,5,719,0.006954102920723227
Daniel,2,357,0.0056022408963585435
Ezra,1,280,0.0035714285714285713
