Book,RefCount,verseCount,NormalizedReference
2 John,2,13,0.15384615384615385
1 John,14,105,0.13333333333333333
1 Thessalonians,11,89,0.12359550561797752
Philemon,3,25,0.12
1 Peter,11,105,0.10476190476190476
Philippians,10,104,0.09615384615384616
Colossians,9,95,0.09473684210526316
Galatians,14,149,0.09395973154362416
1 Corinthians,40,437,0.09153318077803203
James,8,108,0.07407407407407407
3 John,1,14,0.07142857142857142
Titus,3,46,0.06521739130434782
2 Thessalonians,3,47,0.06382978723404255
Acts,58,1007,0.05759682224428997
2 Timothy,4,83,0.04819277108433735
2 Corinthians,12,257,0.04669260700389105
Jude,1,25,0.04
Romans,17,433,0.03926096997690531
Ecclesiastes,8,222,0.036036036036036036
1 Timothy,4,113,0.035398230088495575
Revelation,14,404,0.034653465346534656
Matthew,36,1071,0.03361344537815126
2 Peter,2,61,0.03278688524590164
Ephesians,5,155,0.03225806451612903
Luke,35,1151,0.030408340573414423
Hebrews,9,303,0.0297029702970297
Micah,3,105,0.02857142857142857
John,25,879,0.02844141069397042
Mark,18,678,0.02654867256637168
Proverbs,24,915,0.02622950819672131
Lamentations,4,154,0.025974025974025976
Nahum,1,47,0.02127659574468085
Psalms,50,2461,0.02031694433157253
Malachi,1,55,0.01818181818181818
Ezekiel,21,1273,0.016496465043205028
Deuteronomy,15,959,0.01564129301355579
Jeremiah,17,1364,0.012463343108504398
Isaiah,16,1292,0.01238390092879257
Daniel,4,357,0.011204481792717087
Job,10,1070,0.009345794392523364
Numbers,8,1288,0.006211180124223602
1 Samuel,5,810,0.006172839506172839
Genesis,9,1533,0.005870841487279843
Leviticus,5,859,0.005820721769499418
Exodus,7,1213,0.005770816158285243
Hosea,1,197,0.005076142131979695
2 Chronicles,4,822,0.004866180048661801
Zechariah,1,211,0.004739336492890996
Joshua,3,658,0.004559270516717325
2 Kings,3,719,0.004172461752433936
Ezra,1,280,0.0035714285714285713
Judges,1,618,0.0016181229773462784
1 Kings,1,816,0.0012254901960784314
