Book,RefCount,verseCount,NormalizedReference
2 Thessalonians,9,47,0.19148936170212766
Deuteronomy,171,959,0.17831074035453598
Nahum,8,47,0.1702127659574468
2 Chronicles,125,822,0.15206812652068127
Mark,102,678,0.1504424778761062
Luke,167,1151,0.14509122502172025
Judges,85,618,0.13754045307443366
1 John,13,105,0.12380952380952381
Exodus,149,1213,0.12283594394064304
Galatians,17,149,0.11409395973154363
Romans,48,433,0.11085450346420324
Ezekiel,141,1273,0.11076197957580518
Acts,111,1007,0.11022840119165839
Matthew,118,1071,0.11017740429505135
2 Timothy,9,83,0.10843373493975904
Psalms,253,2461,0.102803738317757
Zechariah,21,211,0.0995260663507109
Nehemiah,40,406,0.09852216748768473
2 Peter,6,61,0.09836065573770492
John,84,879,0.09556313993174062
Micah,10,105,0.09523809523809523
Zephaniah,5,53,0.09433962264150944
1 Corinthians,41,437,0.09382151029748284
Leviticus,80,859,0.09313154831199069
Isaiah,118,1292,0.0913312693498452
Malachi,5,55,0.09090909090909091
Lamentations,14,154,0.09090909090909091
Philippians,9,104,0.08653846153846154
2 Samuel,60,695,0.08633093525179857
Daniel,30,357,0.08403361344537816
Jeremiah,110,1364,0.08064516129032258
Hebrews,24,303,0.07920792079207921
Revelation,32,404,0.07920792079207921
2 Kings,56,719,0.07788595271210014
Ephesians,12,155,0.07741935483870968
1 Peter,8,105,0.0761904761904762
1 Kings,61,816,0.07475490196078431
James,8,108,0.07407407407407407
Colossians,7,95,0.07368421052631578
Joel,5,73,0.0684931506849315
Numbers,88,1288,0.06832298136645963
Ezra,18,280,0.06428571428571428
Genesis,97,1533,0.06327462491846053
2 Corinthians,16,257,0.0622568093385214
Hosea,12,197,0.06091370558375635
Job,65,1070,0.06074766355140187
Joshua,39,658,0.05927051671732523
Proverbs,48,915,0.05245901639344262
1 Samuel,42,810,0.05185185185185185
Ecclesiastes,11,222,0.04954954954954955
1 Thessalonians,4,89,0.0449438202247191
Titus,2,46,0.043478260869565216
Jonah,2,48,0.041666666666666664
1 Chronicles,38,942,0.040339702760084924
Haggai,1,38,0.02631578947368421
Ruth,2,85,0.023529411764705882
Amos,3,146,0.02054794520547945
1 Timothy,2,113,0.017699115044247787
Esther,1,167,0.005988023952095809
