41403	18216	
41404	18217	
41405	18218	
41408	18221	
41409	18222	
41410	18223	
41411	18224	
41412	18225	
41413	18226	
41414	18227	18233	
41415	18228	
41416	18229	
41417	18230	
41418	18231	
41420	18233	18227	18237	
41421	18234	
41422	18235	
41423	18236	
41424	18237	18233	
41425	18238	
41426	18239	
41429	18242	
41430	18243	
41431	18244	
41432	18245	
41433	18246	
41435	18248	
41437	18250	
41440	18253	
41441	18254	
41442	18255	
41444	18257	
41445	18258	
41446	18259	
41447	18260	
41448	18261	
41449	18262	
41450	18263	
41451	18264	
41452	18265	
41453	18266	
41454	18267	
41455	18268	
41456	18269	16448	
41457	18270	
41465	18272	
41466	18273	
41467	18274	
41468	18275	
41469	18276	
41470	18277	
41471	18278	
41472	18279	
41473	18280	
41474	18281	
41475	18282	
41476	18283	
41477	18284	
41478	18285	
41479	18286	
41480	18287	
41481	18288	
41482	18289	
41483	18290	
41484	18291	
41486	18293	
41488	18294	
41505	18295	
41506	18296	
41508	18297	
41509	18298	
41510	18299	
41511	18300	
41512	18301	
41521	18302	
41523	18303	
41524	18304	
41525	18305	
41526	18306	
41528	18308	
41529	18309	
41530	18310	
41531	18311	
41532	18312	
41533	18313	
41534	18314	
41535	18316	
41536	18317	
41537	18318	
41550	18319	
41558	18323	
41559	18324	
41560	18325	
41562	18327	18326	
41564	18328	
41566	18330	18331	18329	
41567	18333	18332	
41568	18336	18335	
41569	18339	18338	
41572	18340	
41573	18341	
41684	18343	
41686	18343	
41690	18345	18346	18347	
41691	18346	18345	
41692	18347	18345	
41693	18348	18350	
41694	18349	
41695	18350	
41696	18351	
41697	18352	
41699	18354	
41707	18357	
41711	18359	
41713	18363	
41714	18364	
41715	18365	
41755	18515	
41757	18516	
41768	18524	
41769	18525	
41801	18216	
41802	18217	
41803	18218	
41804	18219	
41805	18220	
41810	18225	18226	
41811	18226	18225	
41815	18230	
41819	18234	
41820	18235	
41821	18236	
41823	18238	
41825	18240	
41827	18242	
41828	18243	
41835	18250	
41836	18251	
41837	18252	
41838	18253	
41839	18254	
41840	18255	
41841	18260	
41842	18261	
41844	18263	
41845	18266	
41846	18267	
41847	18268	
41848	18269	16448	
41849	18270	
41850	18264	
41851	18265	
41853	11071	
41854	11072	
41856	11074	11835	
41857	11075	11836	
41858	11079	
41859	11080	
41860	11081	
41861	11082	7576	
41863	11085	
41866	11088	
41867	11089	12962	
41868	11090	
41871	11092	
41873	11094	
41875	11095	
41876	11096	
41877	11097	
41881	11082	7576	
41882	11084	
41883	11085	
41884	11099	11854	
41885	12971	11104	
41886	7839	
41887	11100	
41889	11102	11858	
41891	11106	11862	
41893	11108	
41894	11109	
41896	11111	
41899	11114	12612	
41900	11115	
41901	11116	12615	
41902	11118	
41903	11119	
41904	11120	12618	
41905	11121	
41943	5621	41354	
41944	6643	
41975	6888	
10315	8970	
10338	1060	36046	
10350	5246	
10351	5247	
10352	5248	32676	
10354	5250	
10355	5251	
10356	5252	
10357	5253	
10358	5254	
10359	5255	
10362	5258	
10363	5259	
10364	5260	
10368	5264	
10369	5265	
10372	5268	
10374	5270	
10375	5271	
10378	5274	
10379	5275	
10380	5276	
10381	5277	
10383	5279	
10384	5280	
10386	5282	
10387	5283	
10388	5284	
10389	5285	
10391	5287	
10392	5288	
10395	5291	
10397	5293	
10398	5294	
10399	5295	
10400	5296	
10401	5297	
10402	5298	
10403	5299	
10404	5300	
10407	5302	
10409	5305	5306	
10410	5306	5305	
10411	5307	
10412	5308	
10413	5309	
10414	5310	5311	
10415	5311	5310	
10416	5312	
10417	5313	
10418	5314	
10419	5315	
10421	5317	
10422	5318	
10423	5319	
10424	5320	
10425	5321	
10426	5322	
10428	5324	
10429	5325	
10431	5327	
10432	5328	5329	
10433	5329	5328	
10434	5330	
10435	5331	
10436	5332	6672	5676	
10437	5333	
10438	5334	
10439	5335	
10440	5336	
10441	5337	
10442	5338	
10443	5339	
10444	5340	
10445	5341	
10446	5342	5343	
10447	5343	5342	
10448	5344	
10449	5345	
10450	5346	
10451	5347	
10452	5348	
10453	5349	
10454	5350	5352	
10455	5351	
10456	5352	5350	
10620	36696	
10622	36698	
10858	10032	
10884	5275	
10999	9725	9719	
11029	34002	
11071	41853	
11072	41854	
11074	41856	
11075	41857	
11079	41858	
11080	41859	
11081	41860	
11082	41861	41881	7576	
11084	41882	
11085	41863	41883	
11088	41866	
11089	41867	
11090	41868	
11092	41871	
11094	41873	
11095	41875	
11096	41876	
11097	41877	
11099	41884	
11100	41887	
11102	41889	
11104	41885	
11105	7839	
11106	41891	
11108	41893	
11109	41894	
11111	41896	
11114	41899	
11115	41900	
11116	41901	
11118	41902	
11119	41903	
11120	41904	
11121	41905	
11162	7214	
11779	5306	5305	
11797	34107	
11835	41856	
11836	41857	
11854	41884	
11858	41889	
11861	7839	
11862	41891	
12002	5993	9618	8169	
12003	5994	
12143	36639	
12147	8970	
12186	33621	
12187	33622	
12194	37059	
12300	5328	5329	
12301	5330	5329	
12302	5343	5342	
12527	5332	6672	5676	6712	6853	6883	6893	
12528	5333	
12531	5336	
12597	5318	
12600	5321	
12603	5324	
12606	5312	
12612	41899	
12615	41901	
12618	41904	
12746	5315	
12768	9033	9034	9032	
12783	1607	
12803	9146	
12804	9147	
12962	41867	
12971	41885	
12972	7839	
13162	7285	7378	
13352	8324	
13610	5369	
13862	5675	5441	
14079	40554	
14080	40555	
14081	40556	
14082	40557	
14089	32317	
14134	5521	
14247	19755	
14269	20676	
14276	27125	29427	27150	
14278	37138	
15265	32808	
15388	7935	
15614	8265	
15756	6580	
16448	18269	41456	41848	
16464	7168	
16466	7169	
17083	33790	
17084	32818	
17085	32819	
17086	33761	
17087	33762	
17096	32231	
17097	32232	
17102	32441	
17116	33677	
17117	33678	
17119	33680	
17213	37937	
17214	37938	
17215	37939	
17216	37940	
17253	32747	
17262	37939	
17555	10204	
17556	10205	
17557	10206	
17565	10207	
18174	8035	
18206	8629	
18216	41403	41801	
18217	41404	41802	
18218	41405	41803	
18219	41804	
18220	41805	
18221	41408	
18222	41409	
18223	41410	
18224	41411	
18225	41810	41412	41811	
18226	41413	41811	41810	
18227	41414	41420	
18228	41415	
18229	41416	
18230	41815	41417	
18231	41418	
18233	41420	41414	41424	
18234	41421	41819	
18235	41422	41820	
18236	41423	41821	
18237	41424	41420	
18238	41425	41823	
18239	41426	
18240	41825	
18242	41429	41827	
18243	41430	41828	
18244	41431	
18245	41432	
18246	41433	
18248	41435	
18250	41835	41437	
18251	41836	
18252	41837	
18253	41440	41838	
18254	41839	41441	
18255	41840	41442	
18257	41444	
18258	41445	
18259	41446	
18260	41841	41447	
18261	41448	41842	
18262	41449	
18263	41844	41450	
18264	41850	41451	
18265	41452	41851	
18266	41845	41453	
18267	41454	41846	
18268	41847	41455	
18269	41456	41848	16448	
18270	41457	41849	
18272	41465	
18273	41466	
18274	41467	
18275	41468	
18276	41469	
18277	41470	
18278	41471	
18279	41472	
18280	41473	
18281	41474	
18282	41475	
18283	41476	
18284	41477	
18285	41478	
18286	41479	
18287	41480	
18288	41481	
18289	41482	
18290	41483	
18291	41484	
18293	41486	
18294	41488	
18295	41505	
18296	41506	
18297	41508	
18298	41509	
18299	41510	
18300	41511	
18301	41512	
18302	41521	
18303	41523	
18304	41524	
18305	41525	
18306	41526	
18308	41528	
18309	41529	
18310	41530	
18311	41531	
18312	41532	
18313	41533	
18314	41534	
18316	41535	
18317	41536	
18318	41537	
18319	41550	
18323	41558	
18324	41559	
18325	41560	
18326	41562	
18327	41562	
18328	41564	
18329	41566	
18330	41566	
18331	41566	
18332	41567	
18333	41567	
18335	41568	
18336	41568	
18338	41569	
18339	41569	
18340	41572	
18341	41573	
18343	41686	41684	
18345	41690	41691	41692	
18346	41691	41690	
18347	41692	41690	
18348	41693	
18349	41694	
18350	41695	41693	
18351	41696	
18352	41697	
18354	41699	
18357	41707	
18359	41711	
18363	41713	
18364	41714	
18365	41715	
18515	41755	
18516	41757	
18524	41768	
18525	41769	
19755	14247	
20268	1985	
20269	1986	
20270	1987	2000	
20271	2001	
20272	2002	
20273	2003	
20274	2004	
20275	2005	
20276	2006	
20277	2007	
20278	2008	
20279	2009	
20280	7439	2010	5270	
20281	7435	
20282	2011	
20283	2012	
20676	14269	
23155	1041	
23170	1041	
23274	1985	
23275	1986	
23276	1987	2000	
23277	2001	
23278	2002	
23279	2003	
23281	2005	
23282	2006	
23284	2008	
23285	2009	
23288	2011	
23289	2012	
23313	1985	
27125	14276	
27150	14276	
28183	1012	
29427	14276	
32231	17096	
32232	17097	
32317	14089	
32441	17102	
32676	10352	5248	
32747	17253	
32808	15265	
32818	17084	
32819	17085	
33621	12186	
33622	12187	
33677	17116	
33678	17117	
33680	17119	
33761	17086	
33762	17087	
33790	17083	
34002	11029	
34107	11797	
35870	915	
35901	915	
35902	916	
35903	917	
35904	918	
35905	919	
35906	920	
35907	921	
35908	922	
35909	923	
35911	925	931	
35912	926	
35913	927	
35914	928	
35915	929	
35916	930	
35917	931	925	
35918	932	
35919	933	
35920	934	
35921	935	
35922	936	
35923	937	
35924	938	
35925	939	
35926	940	
35927	941	
35928	942	
35929	943	
35930	944	
35931	945	
35932	946	
35934	948	
35935	949	
35936	950	
35937	951	
35938	952	
35939	953	
35940	954	
35941	955	
35942	956	
35943	957	
35944	958	
35945	959	
35946	960	
35947	961	
35948	962	
35949	963	
35950	964	
35951	965	
35952	966	
35953	967	
35954	968	
35955	969	
35956	970	
35957	971	
35958	972	
35959	973	
35960	974	
35961	975	
35962	976	
35963	977	
35964	978	
35965	979	
35966	980	
35967	981	
35968	982	
35969	983	
35970	984	
35971	985	
35972	986	
35973	987	
35974	988	
35975	989	
35976	990	
35977	991	
35978	992	
35979	993	
35980	994	
35981	995	
35982	996	
35983	997	
35984	998	
35985	999	
35986	1000	
35987	1001	
35988	1002	
35989	1003	
35990	1004	
35991	1005	
35992	1006	
35993	1007	
35994	1008	
35995	1009	
35996	1010	
35997	1011	
35998	1012	
35999	1013	
36000	1014	
36001	1015	
36002	1016	
36003	1017	
36004	1018	
36005	1019	
36006	1020	
36007	1021	
36008	1022	
36009	1023	
36010	1024	
36011	1025	
36012	1026	
36013	1027	
36014	1028	
36015	1029	
36016	1030	
36017	1031	
36018	1032	
36019	1033	
36020	1034	
36021	1035	
36022	1036	
36023	1037	
36024	1038	
36025	1039	
36026	1040	
36027	1041	
36028	1042	
36029	1043	
36030	1044	
36031	1045	
36032	1046	
36033	1047	
36034	1048	
36035	1049	
36036	1050	
36037	1051	
36038	1052	
36039	1053	
36040	1054	
36041	1055	
36042	1056	
36043	1057	
36044	1058	
36045	1059	
36046	1060	10338	
36047	1061	
36048	1062	
36049	1063	
36050	1064	
36051	1065	
36052	1066	
36053	1067	
36054	1068	
36055	1069	
36056	1070	
36057	1071	
36058	1072	
36059	1073	
36060	1074	
36061	1075	
36062	1076	
36063	1077	
36064	1078	
36065	1079	
36066	1080	
36067	1081	
36068	1082	
36069	1083	
36070	1084	
36071	1085	
36072	1086	
36073	1087	
36074	1088	
36075	1089	
36076	1090	
36077	1091	
36078	1092	
36079	1093	
36080	1094	
36081	1095	
36082	1096	
36083	1097	
36084	1098	
36085	1099	
36086	1100	
36087	1101	
36088	1102	
36089	1103	
36090	1104	
36091	1105	
36092	1106	
36093	1107	
36094	1108	
36095	1109	
36096	1110	
36097	1111	
36098	1112	
36099	1113	
36100	1114	
36101	1115	
36102	1116	
36103	1117	1342	
36104	1118	1344	
36105	1119	1345	
36106	1120	1346	
36107	1121	1347	
36108	1122	1348	
36109	1123	
36110	1124	
36111	1125	
36112	1126	
36113	1127	
36114	1128	
36115	1129	
36116	1130	
36117	1131	
36118	1132	
36119	1133	
36120	1134	
36121	1135	
36122	1136	
36123	1137	
36124	1138	
36125	1139	
36126	1140	
36127	1141	
36128	1142	
36129	1143	
36130	1144	
36131	1145	
36132	1146	
36133	1147	
36134	1148	
36135	1149	
36137	1151	
36138	1152	
36139	1153	
36140	1154	
36141	1155	
36142	1156	
36143	1157	
36144	1158	
36145	1159	
36146	1160	
36147	1161	
36148	1162	
36149	1163	
36150	1164	
36151	1165	
36152	1166	
36153	1167	
36154	1168	
36155	1169	
36156	1170	
36157	1171	
36158	1172	
36159	1173	
36160	1174	
36161	1175	
36162	1176	
36163	1177	
36164	1178	
36165	1179	
36166	1180	
36167	1181	
36168	1182	
36169	1183	
36170	1184	
36171	1185	
36172	1186	
36173	1187	
36174	1188	
36175	1189	
36416	1255	
36418	1257	
36421	1277	
36422	1278	
36426	1281	
36427	1282	
36429	1284	
36430	1285	
36431	1286	
36432	1287	
36540	8578	
36545	813	
36639	12143	
36696	10620	
36698	10622	
36818	5576	
36830	539	
36831	540	
36833	542	
36834	543	
36835	544	
36836	545	
36837	546	
36838	547	
36840	549	
36841	550	
36842	551	
36843	552	
36845	554	
36846	555	
36847	556	
36848	557	
36849	558	
36850	559	
36853	562	
36854	563	
36855	564	
36856	565	
36857	566	
36858	567	
36859	568	
36860	569	
36861	570	
36862	571	
36863	572	
36864	573	
36865	574	
36866	575	
36867	576	
36868	577	
36869	578	
36870	579	
36871	580	
36872	581	
36873	582	779	
36874	583	780	
36875	789	584	
36876	585	790	
36877	791	586	
36878	792	
36880	794	10121	
36881	795	
36882	796	
36883	797	
36884	798	
36886	800	
36887	801	
36888	802	
36889	803	
36890	804	
36891	805	
36892	806	
36893	807	
36894	808	
36895	809	
36896	810	
36897	811	
36898	812	
36899	813	
36900	814	
36901	815	
36902	816	
36903	817	
36904	818	
36905	819	
36906	820	
36907	821	
36908	822	
36909	823	
36910	824	
36911	825	
36912	826	5532	
36913	827	5533	
36914	5534	
36918	1972	5536	
36919	1973	5394	2064	
36920	1974	2065	5395	5530	
36921	1975	2066	5396	5531	
36922	5537	
36923	5538	
36924	5539	
36925	5540	
36926	5541	
36928	2025	
36929	2026	
36930	2027	
36931	2028	
36932	2029	
36933	2030	
36934	2031	
36935	2032	
36936	2033	
36937	2034	
36938	2035	
36939	5572	
36940	5573	
36941	5574	
36942	5575	
36943	5576	
36944	5577	
36945	5578	
36946	5579	
36947	5580	
36948	5581	
36949	5582	
36950	5583	
36951	5584	
36952	5585	
36953	5586	
36954	5587	
36955	5588	
36956	877	
37059	12194	
37090	10105	
37101	10092	
37104	10097	
37133	9165	
37138	14278	
37937	17213	
37938	17214	
37939	17215	17262	
37940	17216	
39291	367	
39315	5563	
40521	1141	
40554	14079	
40555	14080	
40556	14081	
40557	14082	7292	7591	
40836	916	
40837	917	
40838	918	
40856	5554	5512	
40857	5513	
40859	5557	
40860	5558	
40861	5559	
40862	5560	
40863	5563	
41337	5604	
41338	5605	
41339	5606	
41340	5607	
41341	5608	
41342	5609	
41343	5610	
41344	5611	
41345	5612	
41346	5613	
41347	5614	
41348	5615	
41349	5616	
41350	5617	
41351	5618	
41352	5619	
41353	5620	
41354	5621	41943	
41355	5622	
41356	5623	
41357	5624	
41358	5625	
41359	5626	
6643	41944	
6672	5676	5332	10436	12527	
6712	5676	12527	
6853	5676	12527	
6883	5676	12527	
6888	41975	
6893	5676	12527	
6992	2012	
7085	6454	
7086	6455	
7087	6456	
7168	16464	
7169	16466	
7209	6353	
7214	11162	
7285	13162	
7292	40557	
7378	13162	
7435	20281	
7439	20280	
7576	41861	11082	41881	
7591	40557	
7839	11105	11861	12972	41886	
7935	2010	15388	
8035	18174	
8169	5993	12002	
8265	15614	
8324	13352	
8578	36540	
8592	5323	
8629	18206	
8970	2644	12147	10315	
9032	12768	
9033	12768	
9034	12768	
9146	12803	
9147	12804	
9165	37133	
9618	5993	12002	
9719	10999	
9725	10999	
10032	10858	
10092	37101	
10097	37104	
10105	37090	
10121	794	36880	
10204	17555	
10205	17556	
10206	17557	
10207	17565	
367	39291	
539	36830	
540	36831	
542	36833	
543	36834	
544	36835	
545	36836	
546	36837	
547	36838	
549	36840	
550	36841	
551	36842	
552	36843	
554	36845	
555	36846	
556	36847	
557	36848	
558	36849	
559	36850	
562	36853	
563	36854	
564	36855	
565	36856	
566	36857	
567	36858	
568	36859	
569	36860	
570	36861	
571	36862	
572	36863	
573	36864	
574	36865	
575	36866	
576	36867	
577	36868	
578	36869	
579	36870	
580	36871	
581	36872	
582	36873	
583	36874	
584	36875	
585	36876	
586	36877	
779	36873	
780	36874	
789	36875	
790	36876	
791	36877	
792	36878	
794	36880	10121	
795	36881	
796	36882	
797	36883	
798	36884	
800	36886	
801	36887	
802	36888	
803	36889	
804	36890	
805	36891	
806	36892	
807	36893	
808	36894	
809	36895	
810	36896	
811	36897	
812	36898	
813	36899	36545	
814	36900	
815	36901	
816	36902	
817	36903	
818	36904	
819	36905	
820	36906	
821	36907	
822	36908	
823	36909	
824	36910	
825	36911	
826	36912	
827	36913	
877	36956	
915	35901	35870	
916	35902	40836	
917	35903	40837	
918	35904	40838	
919	35905	
920	35906	
921	35907	
922	35908	
923	35909	
925	35911	35917	
926	35912	
927	35913	
928	35914	
929	35915	
930	35916	
931	35917	35911	
932	35918	
933	35919	
934	35920	
935	35921	
936	35922	
937	35923	
938	35924	
939	35925	
940	35926	
941	35927	
942	35928	
943	35929	
944	35930	
945	35931	
946	35932	
948	35934	
949	35935	
950	35936	
951	35937	
952	35938	
953	35939	
954	35940	
955	35941	
956	35942	
957	35943	
958	35944	
959	35945	
960	35946	
961	35947	
962	35948	
963	35949	
964	35950	
965	35951	
966	35952	
967	35953	
968	35954	
969	35955	
970	35956	
971	35957	
972	35958	
973	35959	
974	35960	
975	35961	
976	35962	
977	35963	
978	35964	
979	35965	
980	35966	
981	35967	
982	35968	
983	35969	
984	35970	
985	35971	
986	35972	
987	35973	
988	35974	
989	35975	
990	35976	
991	35977	
992	35978	
993	35979	
994	35980	
995	35981	
996	35982	
997	35983	
998	35984	
999	35985	
1000	35986	
1001	35987	
1002	35988	
1003	35989	
1004	35990	
1005	35991	
1006	35992	
1007	35993	
1008	35994	
1009	35995	
1010	35996	
1011	35997	
1012	35998	28183	
1013	35999	
1014	36000	
1015	36001	
1016	36002	
1017	36003	
1018	36004	
1019	36005	
1020	36006	
1021	36007	
1022	36008	
1023	36009	
1024	36010	
1025	36011	
1026	36012	
1027	36013	
1028	36014	
1029	36015	
1030	36016	
1031	36017	
1032	36018	
1033	36019	
1034	36020	
1035	36021	
1036	36022	
1037	36023	
1038	36024	
1039	36025	
1040	36026	
1041	36027	23155	23170	
1042	36028	
1043	36029	
1044	36030	
1045	36031	
1046	36032	
1047	36033	
1048	36034	
1049	36035	
1050	36036	
1051	36037	
1052	36038	
1053	36039	
1054	36040	
1055	36041	
1056	36042	
1057	36043	
1058	36044	
1059	36045	
1060	36046	10338	
1061	36047	
1062	36048	
1063	36049	
1064	36050	
1065	36051	
1066	36052	
1067	36053	
1068	36054	
1069	36055	
1070	36056	
1071	36057	
1072	36058	
1073	36059	
1074	36060	
1075	36061	
1076	36062	
1077	36063	
1078	36064	
1079	36065	
1080	36066	
1081	36067	
1082	36068	
1083	36069	
1084	36070	
1085	36071	
1086	36072	
1087	36073	
1088	36074	
1089	36075	
1090	36076	
1091	36077	
1092	36078	
1093	36079	
1094	36080	
1095	36081	
1096	36082	
1097	36083	
1098	36084	
1099	36085	
1100	36086	
1101	36087	
1102	36088	
1103	36089	
1104	36090	
1105	36091	
1106	36092	
1107	36093	
1108	36094	
1109	36095	
1110	36096	
1111	36097	
1112	36098	
1113	36099	
1114	36100	
1115	36101	
1116	36102	
1117	36103	
1118	36104	
1119	36105	
1120	36106	
1121	36107	
1122	36108	
1123	36109	
1124	36110	
1125	36111	
1126	36112	
1127	36113	
1128	36114	
1129	36115	
1130	36116	
1131	36117	
1132	36118	
1133	36119	
1134	36120	
1135	36121	
1136	36122	
1137	36123	
1138	36124	
1139	36125	
1140	36126	
1141	36127	40521	
1142	36128	
1143	36129	
1144	36130	
1145	36131	
1146	36132	
1147	36133	
1148	36134	
1149	36135	
1151	36137	
1152	36138	
1153	36139	
1154	36140	
1155	36141	
1156	36142	
1157	36143	
1158	36144	
1159	36145	
1160	36146	
1161	36147	
1162	36148	
1163	36149	
1164	36150	
1165	36151	
1166	36152	
1167	36153	
1168	36154	
1169	36155	
1170	36156	
1171	36157	
1172	36158	
1173	36159	
1174	36160	
1175	36161	
1176	36162	
1177	36163	
1178	36164	
1179	36165	
1180	36166	
1181	36167	
1182	36168	
1183	36169	
1184	36170	
1185	36171	
1186	36172	
1187	36173	
1188	36174	
1189	36175	
1255	36416	
1257	36418	
1277	36421	
1278	36422	
1281	36426	
1282	36427	
1284	36429	
1285	36430	
1286	36431	
1287	36432	
1342	36103	
1344	36104	
1345	36105	
1346	36106	
1347	36107	
1348	36108	
1607	12783	
1972	36918	
1973	36919	
1974	36920	
1975	36921	
1985	20268	23274	23313	
1986	20269	23275	
1987	20270	23276	
2000	20270	23276	
2001	23277	20271	
2002	20272	23278	
2003	20273	23279	
2004	20274	
2005	20275	23281	
2006	20276	23282	
2007	20277	
2008	20278	23284	
2009	20279	23285	
2010	7935	20280	
2011	20282	23288	
2012	20283	23289	6992	
2025	36928	
2026	36929	
2027	36930	
2028	36931	
2029	36932	
2030	36933	
2031	36934	
2032	36935	
2033	36936	
2034	36937	
2035	36938	
2064	36919	
2065	36920	
2066	36921	
2644	8970	
5246	10350	
5247	10351	
5248	10352	32676	
5250	10354	
5251	10355	
5252	10356	
5253	10357	
5254	10358	
5255	10359	
5258	10362	
5259	10363	
5260	10364	
5264	10368	
5265	10369	
5268	10372	
5270	10374	20280	
5271	10375	
5274	10378	
5275	10379	10884	
5276	10380	
5277	10381	
5279	10383	
5280	10384	
5282	10386	
5283	10387	
5284	10388	
5285	10389	
5287	10391	
5288	10392	
5291	10395	
5293	10397	
5294	10398	
5295	10399	
5296	10400	
5297	10401	
5298	10402	
5299	10403	
5300	10404	
5302	10407	
5305	10409	10410	11779	
5306	10410	11779	10409	
5307	10411	
5308	10412	
5309	10413	
5310	10414	10415	
5311	10415	10414	
5312	10416	12606	
5313	10417	
5314	10418	
5315	10419	12746	
5317	10421	
5318	10422	12597	
5319	10423	
5320	10424	
5321	10425	12600	
5322	10426	
5323	8592	
5324	10428	12603	
5325	10429	
5327	10431	
5328	10432	12300	10433	
5329	10433	10432	12301	12300	
5330	10434	12301	
5331	10435	
5332	10436	12527	6672	
5333	10437	12528	
5334	10438	
5335	10439	
5336	10440	12531	
5337	10441	
5338	10442	
5339	10443	
5340	10444	
5341	10445	
5342	10446	10447	12302	
5343	10447	10446	12302	
5344	10448	
5345	10449	
5346	10450	
5347	10451	
5348	10452	
5349	10453	
5350	10454	10456	
5351	10455	
5352	10456	10454	
5369	13610	
5394	36919	
5395	36920	
5396	36921	
5441	13862	
5512	40856	
5513	40857	
5521	14134	
5530	36920	
5531	36921	
5532	36912	
5533	36913	
5534	36914	
5536	36918	
5537	36922	
5538	36923	
5539	36924	
5540	36925	
5541	36926	
5554	40856	
5557	40859	
5558	40860	
5559	40861	
5560	40862	
5563	40863	39315	
5572	36939	
5573	36940	
5574	36941	
5575	36942	
5576	36943	36818	
5577	36944	
5578	36945	
5579	36946	
5580	36947	
5581	36948	
5582	36949	
5583	36950	
5584	36951	
5585	36952	
5586	36953	
5587	36954	
5588	36955	
5604	41337	
5605	41338	
5606	41339	
5607	41340	
5608	41341	
5609	41342	
5610	41343	
5611	41344	
5612	41345	
5613	41346	
5614	41347	
5615	41348	
5616	41349	
5617	41350	
5618	41351	
5619	41352	
5620	41353	
5621	41354	41943	
5622	41355	
5623	41356	
5624	41357	
5625	41358	
5626	41359	
5675	13862	
5676	6672	6712	6853	6883	6893	12527	10436	
5993	12002	8169	9618	
5994	12003	
6353	7209	
6454	7085	
6455	7086	
6456	7087	
6580	15756	
